

#gn3S|GraphID|L
g3|0
g3|16

#gn3OSCCCCCH|GraphID|L
g3|1 0 4 6 9 11 8 27
g3|21 16 14 17 22 18 15 32
g3|20 16 14 17 22 18 15 32
g3|19 16 14 17 22 18 15 32
g3|3 0 4 6 9 11 8 27
g3|2 0 4 6 9 11 8 27

#gn3SO|GraphID|L
g3|0 1
g3|16 21
g3|16 20
g3|16 19
g3|0 3
g3|0 2

#gn3SOH|GraphID|L
g3|0 3 24
g3|16 21 35

#gn3CCCN|GraphID|L
g3|4 6 9 12
g3|15 18 22 23
g3|14 17 22 23
g3|8 11 9 12

#gn3SC|GraphID|L
g3|0 4
g3|16 14

#gn3OSCCCCCCCCN|GraphID|L
g3|1 0 4 5 7 10 13 14 17 22 23
g3|21 16 14 13 10 7 5 8 11 9 12
g3|21 16 14 13 10 7 5 4 6 9 12
g3|20 16 14 13 10 7 5 8 11 9 12
g3|20 16 14 13 10 7 5 4 6 9 12
g3|19 16 14 13 10 7 5 8 11 9 12
g3|19 16 14 13 10 7 5 4 6 9 12
g3|3 0 4 5 7 10 13 15 18 22 23
g3|3 0 4 5 7 10 13 14 17 22 23
g3|2 0 4 5 7 10 13 15 18 22 23
g3|2 0 4 5 7 10 13 14 17 22 23
g3|1 0 4 5 7 10 13 15 18 22 23

#gn3SCC|GraphID|L
g3|0 4 5
g3|16 14 17
g3|16 14 13
g3|0 4 6

#gn3SCCC|GraphID|L
g3|0 4 5 7
g3|16 14 17 22
g3|16 14 13 15
g3|16 14 13 10
g3|0 4 6 9
g3|0 4 5 8

#gn3SCCCC|GraphID|L
g3|0 4 5 7 10
g3|16 14 17 22 18
g3|16 14 13 15 18
g3|16 14 13 10 7
g3|0 4 6 9 11
g3|0 4 5 8 11

#gn3SCCCCC|GraphID|L
g3|0 4 5 7 10 13
g3|16 14 17 22 18 15
g3|16 14 13 15 18 22
g3|16 14 13 10 7 5
g3|0 4 6 9 11 8
g3|0 4 5 8 11 9

#gn3SCCCCCC|GraphID|L
g3|0 4 5 7 10 13 14
g3|16 14 17 22 18 15 13
g3|16 14 13 15 18 22 17
g3|16 14 13 10 7 5 8
g3|16 14 13 10 7 5 4
g3|0 4 6 9 11 8 5
g3|0 4 5 8 11 9 6
g3|0 4 5 7 10 13 15

#gn3SCCCCCCS|GraphID|L
g3|0 4 5 7 10 13 14 16
g3|16 14 13 10 7 5 4 0

#gn3SCCCCCCSO|GraphID|L
g3|0 4 5 7 10 13 14 16 19
g3|16 14 13 10 7 5 4 0 3
g3|16 14 13 10 7 5 4 0 2
g3|16 14 13 10 7 5 4 0 1
g3|0 4 5 7 10 13 14 16 21
g3|0 4 5 7 10 13 14 16 20

#gn3SCCCCCCSOH|GraphID|L
g3|0 4 5 7 10 13 14 16 21 35
g3|16 14 13 10 7 5 4 0 3 24

#gn3SCCCCCCC|GraphID|L
g3|0 4 5 7 10 13 14 17
g3|16 14 17 22 18 15 13 14
g3|16 14 17 22 18 15 13 10
g3|16 14 13 15 18 22 17 14
g3|16 14 13 10 7 5 8 11
g3|16 14 13 10 7 5 4 6
g3|0 4 6 9 11 8 5 7
g3|0 4 6 9 11 8 5 4
g3|0 4 5 8 11 9 6 4
g3|0 4 5 7 10 13 15 18

#gn3SCCCCCCCC|GraphID|L
g3|0 4 5 7 10 13 14 17 22
g3|16 14 17 22 18 15 13 10 7
g3|16 14 13 10 7 5 8 11 9
g3|16 14 13 10 7 5 4 6 9
g3|0 4 6 9 11 8 5 7 10
g3|0 4 5 7 10 13 15 18 22

#gn3SCCCCCCCCC|GraphID|L
g3|0 4 5 7 10 13 14 17 22 18
g3|16 14 17 22 18 15 13 10 7 5
g3|16 14 13 10 7 5 8 11 9 6
g3|16 14 13 10 7 5 4 6 9 11
g3|0 4 6 9 11 8 5 7 10 13
g3|0 4 5 7 10 13 15 18 22 17

#gn3SCCCCCCCCCC|GraphID|L
g3|0 4 5 7 10 13 14 17 22 18 15
g3|16 14 17 22 18 15 13 10 7 5 8
g3|16 14 17 22 18 15 13 10 7 5 4
g3|16 14 13 10 7 5 8 11 9 6 4
g3|16 14 13 10 7 5 4 6 9 11 8
g3|0 4 6 9 11 8 5 7 10 13 15
g3|0 4 6 9 11 8 5 7 10 13 14
g3|0 4 5 7 10 13 15 18 22 17 14

#gn3SCCCCCCCCCH|GraphID|L
g3|0 4 5 7 10 13 14 17 22 18 34
g3|16 14 13 10 7 5 8 11 9 6 25
g3|16 14 13 10 7 5 4 6 9 11 29
g3|0 4 5 7 10 13 15 18 22 17 33

#gn3SCCCCCCCCN|GraphID|L
g3|0 4 5 7 10 13 14 17 22 23
g3|16 14 13 10 7 5 8 11 9 12
g3|16 14 13 10 7 5 4 6 9 12
g3|0 4 5 7 10 13 15 18 22 23

#gn3CCCCCCNH|GraphID|L
g3|6 4 5 8 11 9 12 30
g3|18 15 13 14 17 22 23 37
g3|18 15 13 14 17 22 23 36
g3|17 14 13 15 18 22 23 37
g3|17 14 13 15 18 22 23 36
g3|11 8 5 4 6 9 12 31
g3|11 8 5 4 6 9 12 30
g3|10 7 5 8 11 9 12 31
g3|10 7 5 8 11 9 12 30
g3|10 7 5 4 6 9 12 31
g3|10 7 5 4 6 9 12 30
g3|7 10 13 15 18 22 23 37
g3|7 10 13 15 18 22 23 36
g3|7 10 13 14 17 22 23 37
g3|7 10 13 14 17 22 23 36
g3|6 4 5 8 11 9 12 31

#gn3SCCCCCCCCNH|GraphID|L
g3|0 4 5 7 10 13 14 17 22 23 36
g3|16 14 13 10 7 5 8 11 9 12 31
g3|16 14 13 10 7 5 8 11 9 12 30
g3|16 14 13 10 7 5 4 6 9 12 31
g3|16 14 13 10 7 5 4 6 9 12 30
g3|0 4 5 7 10 13 15 18 22 23 37
g3|0 4 5 7 10 13 15 18 22 23 36
g3|0 4 5 7 10 13 14 17 22 23 37

#gn3SCCCCCCCH|GraphID|L
g3|0 4 5 7 10 13 14 17 33
g3|16 14 17 22 18 15 13 10 28
g3|16 14 13 10 7 5 8 11 29
g3|16 14 13 10 7 5 4 6 25
g3|0 4 6 9 11 8 5 7 26
g3|0 4 5 7 10 13 15 18 34

#gn3SCCCCCCH|GraphID|L
g3|0 4 5 7 10 13 15 32
g3|16 14 13 15 18 22 17 33
g3|16 14 13 10 7 5 8 27
g3|0 4 5 8 11 9 6 25

#gn3SCCCCH|GraphID|L
g3|0 4 5 7 10 28
g3|16 14 17 22 18 34
g3|16 14 13 15 18 34
g3|16 14 13 10 7 26
g3|0 4 6 9 11 29
g3|0 4 5 8 11 29

#gn3SCCCH|GraphID|L
g3|0 4 5 7 26
g3|16 14 13 15 32
g3|16 14 13 10 28
g3|0 4 5 8 27

#gn3SCCCCCN|GraphID|L
g3|0 4 5 8 11 9 12
g3|16 14 13 15 18 22 23

#gn3SCCCCCNH|GraphID|L
g3|0 4 5 8 11 9 12 30
g3|16 14 13 15 18 22 23 37
g3|16 14 13 15 18 22 23 36
g3|0 4 5 8 11 9 12 31

#gn3SCCCN|GraphID|L
g3|0 4 6 9 12
g3|16 14 17 22 23

#gn3SCCCNH|GraphID|L
g3|0 4 6 9 12 30
g3|16 14 17 22 23 37
g3|16 14 17 22 23 36
g3|0 4 6 9 12 31

#gn3SCCCCCCCCH|GraphID|L
g3|0 4 6 9 11 8 5 7 10 28
g3|16 14 17 22 18 15 13 10 7 26

#gn3OSCCCCCCCC|GraphID|L
g3|1 0 4 5 7 10 13 14 17 22
g3|21 16 14 17 22 18 15 13 10 7
g3|21 16 14 13 10 7 5 8 11 9
g3|21 16 14 13 10 7 5 4 6 9
g3|20 16 14 17 22 18 15 13 10 7
g3|20 16 14 13 10 7 5 8 11 9
g3|20 16 14 13 10 7 5 4 6 9
g3|19 16 14 17 22 18 15 13 10 7
g3|19 16 14 13 10 7 5 8 11 9
g3|19 16 14 13 10 7 5 4 6 9
g3|3 0 4 6 9 11 8 5 7 10
g3|3 0 4 5 7 10 13 15 18 22
g3|3 0 4 5 7 10 13 14 17 22
g3|2 0 4 6 9 11 8 5 7 10
g3|2 0 4 5 7 10 13 15 18 22
g3|2 0 4 5 7 10 13 14 17 22
g3|1 0 4 6 9 11 8 5 7 10
g3|1 0 4 5 7 10 13 15 18 22

#gn3NCC|GraphID|L
g3|12 9 6
g3|23 22 18
g3|23 22 17
g3|12 9 11

#gn3SCCCCCH|GraphID|L
g3|0 4 6 9 11 8 27
g3|16 14 17 22 18 15 32

#gn3SCCH|GraphID|L
g3|0 4 6 25
g3|16 14 17 33

#gn3O|GraphID|L
g3|1
g3|21
g3|20
g3|19
g3|3
g3|2

#gn3OSCCCCCCH|GraphID|L
g3|1 0 4 5 7 10 13 15 32
g3|21 16 14 13 15 18 22 17 33
g3|21 16 14 13 10 7 5 8 27
g3|20 16 14 13 15 18 22 17 33
g3|20 16 14 13 10 7 5 8 27
g3|19 16 14 13 15 18 22 17 33
g3|19 16 14 13 10 7 5 8 27
g3|3 0 4 5 8 11 9 6 25
g3|3 0 4 5 7 10 13 15 32
g3|2 0 4 5 8 11 9 6 25
g3|2 0 4 5 7 10 13 15 32
g3|1 0 4 5 8 11 9 6 25

#gn3NH|GraphID|L
g3|12 30
g3|23 37
g3|23 36
g3|12 31

#gn3OS|GraphID|L
g3|1 0
g3|21 16
g3|20 16
g3|19 16
g3|3 0
g3|2 0

#gn3OSO|GraphID|L
g3|1 0 2
g3|21 16 20
g3|21 16 19
g3|20 16 21
g3|20 16 19
g3|19 16 21
g3|19 16 20
g3|3 0 2
g3|3 0 1
g3|2 0 3
g3|2 0 1
g3|1 0 3

#gn3HOSCCCC|GraphID|L
g3|24 3 0 4 5 7 10
g3|35 21 16 14 17 22 18
g3|35 21 16 14 13 15 18
g3|35 21 16 14 13 10 7
g3|24 3 0 4 6 9 11
g3|24 3 0 4 5 8 11

#gn3OSOH|GraphID|L
g3|1 0 3 24
g3|20 16 21 35
g3|19 16 21 35
g3|2 0 3 24

#gn3HOSCCCCH|GraphID|L
g3|24 3 0 4 5 7 10 28
g3|35 21 16 14 17 22 18 34
g3|35 21 16 14 13 15 18 34
g3|35 21 16 14 13 10 7 26
g3|24 3 0 4 6 9 11 29
g3|24 3 0 4 5 8 11 29

#gn3OSC|GraphID|L
g3|1 0 4
g3|21 16 14
g3|20 16 14
g3|19 16 14
g3|3 0 4
g3|2 0 4

#gn3OSCC|GraphID|L
g3|1 0 4 5
g3|21 16 14 17
g3|21 16 14 13
g3|20 16 14 17
g3|20 16 14 13
g3|19 16 14 17
g3|19 16 14 13
g3|3 0 4 6
g3|3 0 4 5
g3|2 0 4 6
g3|2 0 4 5
g3|1 0 4 6

#gn3OSCCC|GraphID|L
g3|1 0 4 5 7
g3|21 16 14 17 22
g3|21 16 14 13 15
g3|21 16 14 13 10
g3|20 16 14 17 22
g3|20 16 14 13 15
g3|20 16 14 13 10
g3|19 16 14 17 22
g3|19 16 14 13 15
g3|19 16 14 13 10
g3|3 0 4 6 9
g3|3 0 4 5 8
g3|3 0 4 5 7
g3|2 0 4 6 9
g3|2 0 4 5 8
g3|2 0 4 5 7
g3|1 0 4 6 9
g3|1 0 4 5 8

#gn3OSCCCC|GraphID|L
g3|1 0 4 5 7 10
g3|21 16 14 17 22 18
g3|21 16 14 13 15 18
g3|21 16 14 13 10 7
g3|20 16 14 17 22 18
g3|20 16 14 13 15 18
g3|20 16 14 13 10 7
g3|19 16 14 17 22 18
g3|19 16 14 13 15 18
g3|19 16 14 13 10 7
g3|3 0 4 6 9 11
g3|3 0 4 5 8 11
g3|3 0 4 5 7 10
g3|2 0 4 6 9 11
g3|2 0 4 5 8 11
g3|2 0 4 5 7 10
g3|1 0 4 6 9 11
g3|1 0 4 5 8 11

#gn3OSCCCCC|GraphID|L
g3|1 0 4 5 7 10 13
g3|21 16 14 17 22 18 15
g3|21 16 14 13 15 18 22
g3|21 16 14 13 10 7 5
g3|20 16 14 17 22 18 15
g3|20 16 14 13 15 18 22
g3|20 16 14 13 10 7 5
g3|19 16 14 17 22 18 15
g3|19 16 14 13 15 18 22
g3|19 16 14 13 10 7 5
g3|3 0 4 6 9 11 8
g3|3 0 4 5 8 11 9
g3|3 0 4 5 7 10 13
g3|2 0 4 6 9 11 8
g3|2 0 4 5 8 11 9
g3|2 0 4 5 7 10 13
g3|1 0 4 6 9 11 8
g3|1 0 4 5 8 11 9

#gn3OSCCCCCC|GraphID|L
g3|1 0 4 5 7 10 13 14
g3|21 16 14 17 22 18 15 13
g3|21 16 14 13 15 18 22 17
g3|21 16 14 13 10 7 5 8
g3|21 16 14 13 10 7 5 4
g3|20 16 14 17 22 18 15 13
g3|20 16 14 13 15 18 22 17
g3|20 16 14 13 10 7 5 8
g3|20 16 14 13 10 7 5 4
g3|19 16 14 17 22 18 15 13
g3|19 16 14 13 15 18 22 17
g3|19 16 14 13 10 7 5 8
g3|19 16 14 13 10 7 5 4
g3|3 0 4 6 9 11 8 5
g3|3 0 4 5 8 11 9 6
g3|3 0 4 5 7 10 13 15
g3|3 0 4 5 7 10 13 14
g3|2 0 4 6 9 11 8 5
g3|2 0 4 5 8 11 9 6
g3|2 0 4 5 7 10 13 15
g3|2 0 4 5 7 10 13 14
g3|1 0 4 6 9 11 8 5
g3|1 0 4 5 8 11 9 6
g3|1 0 4 5 7 10 13 15

#gn3N|GraphID|L
g3|12
g3|23

#gn3OSCCCCCCS|GraphID|L
g3|1 0 4 5 7 10 13 14 16
g3|21 16 14 13 10 7 5 4 0
g3|20 16 14 13 10 7 5 4 0
g3|19 16 14 13 10 7 5 4 0
g3|3 0 4 5 7 10 13 14 16
g3|2 0 4 5 7 10 13 14 16

#gn3OSCCCCCCSO|GraphID|L
g3|1 0 4 5 7 10 13 14 16 19
g3|21 16 14 13 10 7 5 4 0 3
g3|21 16 14 13 10 7 5 4 0 2
g3|21 16 14 13 10 7 5 4 0 1
g3|20 16 14 13 10 7 5 4 0 3
g3|20 16 14 13 10 7 5 4 0 2
g3|20 16 14 13 10 7 5 4 0 1
g3|19 16 14 13 10 7 5 4 0 3
g3|19 16 14 13 10 7 5 4 0 2
g3|19 16 14 13 10 7 5 4 0 1
g3|3 0 4 5 7 10 13 14 16 21
g3|3 0 4 5 7 10 13 14 16 20
g3|3 0 4 5 7 10 13 14 16 19
g3|2 0 4 5 7 10 13 14 16 21
g3|2 0 4 5 7 10 13 14 16 20
g3|2 0 4 5 7 10 13 14 16 19
g3|1 0 4 5 7 10 13 14 16 21
g3|1 0 4 5 7 10 13 14 16 20

#gn3NCCCCC|GraphID|L
g3|12 9 6 4 5 7
g3|23 22 18 15 13 14
g3|23 22 18 15 13 10
g3|23 22 17 14 13 15
g3|23 22 17 14 13 10
g3|12 9 11 8 5 7
g3|12 9 11 8 5 4
g3|12 9 6 4 5 8

#gn3OSCCCCCCSOH|GraphID|L
g3|1 0 4 5 7 10 13 14 16 21 35
g3|21 16 14 13 10 7 5 4 0 3 24
g3|20 16 14 13 10 7 5 4 0 3 24
g3|19 16 14 13 10 7 5 4 0 3 24
g3|3 0 4 5 7 10 13 14 16 21 35
g3|2 0 4 5 7 10 13 14 16 21 35

#gn3NCCCCCH|GraphID|L
g3|12 9 6 4 5 7 26
g3|23 22 18 15 13 10 28
g3|23 22 17 14 13 15 32
g3|23 22 17 14 13 10 28
g3|12 9 11 8 5 7 26
g3|12 9 6 4 5 8 27

#gn3OSCCCCCCC|GraphID|L
g3|1 0 4 5 7 10 13 14 17
g3|21 16 14 17 22 18 15 13 14
g3|21 16 14 17 22 18 15 13 10
g3|21 16 14 13 15 18 22 17 14
g3|21 16 14 13 10 7 5 8 11
g3|21 16 14 13 10 7 5 4 6
g3|20 16 14 17 22 18 15 13 14
g3|20 16 14 17 22 18 15 13 10
g3|20 16 14 13 15 18 22 17 14
g3|20 16 14 13 10 7 5 8 11
g3|20 16 14 13 10 7 5 4 6
g3|19 16 14 17 22 18 15 13 14
g3|19 16 14 17 22 18 15 13 10
g3|19 16 14 13 15 18 22 17 14
g3|19 16 14 13 10 7 5 8 11
g3|19 16 14 13 10 7 5 4 6
g3|3 0 4 6 9 11 8 5 7
g3|3 0 4 6 9 11 8 5 4
g3|3 0 4 5 8 11 9 6 4
g3|3 0 4 5 7 10 13 15 18
g3|3 0 4 5 7 10 13 14 17
g3|2 0 4 6 9 11 8 5 7
g3|2 0 4 6 9 11 8 5 4
g3|2 0 4 5 8 11 9 6 4
g3|2 0 4 5 7 10 13 15 18
g3|2 0 4 5 7 10 13 14 17
g3|1 0 4 6 9 11 8 5 7
g3|1 0 4 6 9 11 8 5 4
g3|1 0 4 5 8 11 9 6 4
g3|1 0 4 5 7 10 13 15 18

#gn3NC|GraphID|L
g3|12 9
g3|23 22

#gn3OSCCCCCCCCC|GraphID|L
g3|1 0 4 5 7 10 13 14 17 22 18
g3|21 16 14 17 22 18 15 13 10 7 5
g3|21 16 14 13 10 7 5 8 11 9 6
g3|21 16 14 13 10 7 5 4 6 9 11
g3|20 16 14 17 22 18 15 13 10 7 5
g3|20 16 14 13 10 7 5 8 11 9 6
g3|20 16 14 13 10 7 5 4 6 9 11
g3|19 16 14 17 22 18 15 13 10 7 5
g3|19 16 14 13 10 7 5 8 11 9 6
g3|19 16 14 13 10 7 5 4 6 9 11
g3|3 0 4 6 9 11 8 5 7 10 13
g3|3 0 4 5 7 10 13 15 18 22 17
g3|3 0 4 5 7 10 13 14 17 22 18
g3|2 0 4 6 9 11 8 5 7 10 13
g3|2 0 4 5 7 10 13 15 18 22 17
g3|2 0 4 5 7 10 13 14 17 22 18
g3|1 0 4 6 9 11 8 5 7 10 13
g3|1 0 4 5 7 10 13 15 18 22 17

#gn3CS|GraphID|L
g3|4 0
g3|14 16

#gn3NCCC|GraphID|L
g3|12 9 6 4
g3|23 22 18 15
g3|23 22 17 14
g3|12 9 11 8

#gn3OSCCCCCCCH|GraphID|L
g3|1 0 4 5 7 10 13 14 17 33
g3|21 16 14 17 22 18 15 13 10 28
g3|21 16 14 13 10 7 5 8 11 29
g3|21 16 14 13 10 7 5 4 6 25
g3|20 16 14 17 22 18 15 13 10 28
g3|20 16 14 13 10 7 5 8 11 29
g3|20 16 14 13 10 7 5 4 6 25
g3|19 16 14 17 22 18 15 13 10 28
g3|19 16 14 13 10 7 5 8 11 29
g3|19 16 14 13 10 7 5 4 6 25
g3|3 0 4 6 9 11 8 5 7 26
g3|3 0 4 5 7 10 13 15 18 34
g3|3 0 4 5 7 10 13 14 17 33
g3|2 0 4 6 9 11 8 5 7 26
g3|2 0 4 5 7 10 13 15 18 34
g3|2 0 4 5 7 10 13 14 17 33
g3|1 0 4 6 9 11 8 5 7 26
g3|1 0 4 5 7 10 13 15 18 34

#gn3OSCCCCH|GraphID|L
g3|1 0 4 5 7 10 28
g3|21 16 14 17 22 18 34
g3|21 16 14 13 15 18 34
g3|21 16 14 13 10 7 26
g3|20 16 14 17 22 18 34
g3|20 16 14 13 15 18 34
g3|20 16 14 13 10 7 26
g3|19 16 14 17 22 18 34
g3|19 16 14 13 15 18 34
g3|19 16 14 13 10 7 26
g3|3 0 4 6 9 11 29
g3|3 0 4 5 8 11 29
g3|3 0 4 5 7 10 28
g3|2 0 4 6 9 11 29
g3|2 0 4 5 8 11 29
g3|2 0 4 5 7 10 28
g3|1 0 4 6 9 11 29
g3|1 0 4 5 8 11 29

#gn3OSCCCH|GraphID|L
g3|1 0 4 5 7 26
g3|21 16 14 13 15 32
g3|21 16 14 13 10 28
g3|20 16 14 13 15 32
g3|20 16 14 13 10 28
g3|19 16 14 13 15 32
g3|19 16 14 13 10 28
g3|3 0 4 5 8 27
g3|3 0 4 5 7 26
g3|2 0 4 5 8 27
g3|2 0 4 5 7 26
g3|1 0 4 5 8 27

#gn3OSCCCCCN|GraphID|L
g3|1 0 4 5 8 11 9 12
g3|21 16 14 13 15 18 22 23
g3|20 16 14 13 15 18 22 23
g3|19 16 14 13 15 18 22 23
g3|3 0 4 5 8 11 9 12
g3|2 0 4 5 8 11 9 12

#gn3OSCCCCCNH|GraphID|L
g3|1 0 4 5 8 11 9 12 30
g3|21 16 14 13 15 18 22 23 37
g3|21 16 14 13 15 18 22 23 36
g3|20 16 14 13 15 18 22 23 37
g3|20 16 14 13 15 18 22 23 36
g3|19 16 14 13 15 18 22 23 37
g3|19 16 14 13 15 18 22 23 36
g3|3 0 4 5 8 11 9 12 31
g3|3 0 4 5 8 11 9 12 30
g3|2 0 4 5 8 11 9 12 31
g3|2 0 4 5 8 11 9 12 30
g3|1 0 4 5 8 11 9 12 31

#gn3OSCCCN|GraphID|L
g3|1 0 4 6 9 12
g3|21 16 14 17 22 23
g3|20 16 14 17 22 23
g3|19 16 14 17 22 23
g3|3 0 4 6 9 12
g3|2 0 4 6 9 12

#gn3OSCCCNH|GraphID|L
g3|1 0 4 6 9 12 30
g3|21 16 14 17 22 23 37
g3|21 16 14 17 22 23 36
g3|20 16 14 17 22 23 37
g3|20 16 14 17 22 23 36
g3|19 16 14 17 22 23 37
g3|19 16 14 17 22 23 36
g3|3 0 4 6 9 12 31
g3|3 0 4 6 9 12 30
g3|2 0 4 6 9 12 31
g3|2 0 4 6 9 12 30
g3|1 0 4 6 9 12 31

#gn3OSCCCCCCCCH|GraphID|L
g3|1 0 4 6 9 11 8 5 7 10 28
g3|21 16 14 17 22 18 15 13 10 7 26
g3|20 16 14 17 22 18 15 13 10 7 26
g3|19 16 14 17 22 18 15 13 10 7 26
g3|3 0 4 6 9 11 8 5 7 10 28
g3|2 0 4 6 9 11 8 5 7 10 28

#gn3NCCH|GraphID|L
g3|12 9 6 25
g3|23 22 18 34
g3|23 22 17 33
g3|12 9 11 29

#gn3OSCCH|GraphID|L
g3|1 0 4 6 25
g3|21 16 14 17 33
g3|20 16 14 17 33
g3|19 16 14 17 33
g3|3 0 4 6 25
g3|2 0 4 6 25

#gn3OH|GraphID|L
g3|3 24
g3|21 35

#gn3C|GraphID|L
g3|4
g3|22
g3|18
g3|17
g3|15
g3|14
g3|13
g3|11
g3|10
g3|9
g3|8
g3|7
g3|6
g3|5

#gn3CSO|GraphID|L
g3|4 0 1
g3|14 16 21
g3|14 16 20
g3|14 16 19
g3|4 0 3
g3|4 0 2

#gn3CSOH|GraphID|L
g3|4 0 3 24
g3|14 16 21 35

#gn3CC|GraphID|L
g3|4 5
g3|22 18
g3|22 17
g3|18 22
g3|18 15
g3|17 22
g3|17 14
g3|15 18
g3|15 13
g3|14 17
g3|14 13
g3|13 15
g3|13 14
g3|13 10
g3|11 9
g3|11 8
g3|10 13
g3|10 7
g3|9 11
g3|9 6
g3|8 11
g3|8 5
g3|7 10
g3|7 5
g3|6 9
g3|6 4
g3|5 8
g3|5 7
g3|5 4
g3|4 6

#gn3CCC|GraphID|L
g3|4 5 7
g3|22 18 15
g3|22 17 14
g3|18 22 17
g3|18 15 13
g3|17 22 18
g3|17 14 13
g3|15 18 22
g3|15 13 14
g3|15 13 10
g3|14 17 22
g3|14 13 15
g3|14 13 10
g3|13 15 18
g3|13 14 17
g3|13 10 7
g3|11 9 6
g3|11 8 5
g3|10 13 15
g3|10 13 14
g3|10 7 5
g3|9 11 8
g3|9 6 4
g3|8 11 9
g3|8 5 7
g3|8 5 4
g3|7 10 13
g3|7 5 8
g3|7 5 4
g3|6 9 11
g3|6 4 5
g3|5 8 11
g3|5 7 10
g3|5 4 6
g3|4 6 9
g3|4 5 8

#gn3HCCCCCNH|GraphID|L
g3|26 7 5 4 6 9 12 30
g3|32 15 13 14 17 22 23 37
g3|32 15 13 14 17 22 23 36
g3|28 10 13 15 18 22 23 37
g3|28 10 13 15 18 22 23 36
g3|28 10 13 14 17 22 23 37
g3|28 10 13 14 17 22 23 36
g3|27 8 5 4 6 9 12 31
g3|27 8 5 4 6 9 12 30
g3|26 7 5 8 11 9 12 31
g3|26 7 5 8 11 9 12 30
g3|26 7 5 4 6 9 12 31

#gn3CCCC|GraphID|L
g3|4 5 7 10
g3|22 18 15 13
g3|22 17 14 13
g3|18 22 17 14
g3|18 15 13 14
g3|18 15 13 10
g3|17 22 18 15
g3|17 14 13 15
g3|17 14 13 10
g3|15 18 22 17
g3|15 13 14 17
g3|15 13 10 7
g3|14 17 22 18
g3|14 13 15 18
g3|14 13 10 7
g3|13 15 18 22
g3|13 14 17 22
g3|13 10 7 5
g3|11 9 6 4
g3|11 8 5 7
g3|11 8 5 4
g3|10 13 15 18
g3|10 13 14 17
g3|10 7 5 8
g3|10 7 5 4
g3|9 11 8 5
g3|9 6 4 5
g3|8 11 9 6
g3|8 5 7 10
g3|8 5 4 6
g3|7 10 13 15
g3|7 10 13 14
g3|7 5 8 11
g3|7 5 4 6
g3|6 9 11 8
g3|6 4 5 8
g3|6 4 5 7
g3|5 8 11 9
g3|5 7 10 13
g3|5 4 6 9
g3|4 6 9 11
g3|4 5 8 11

#gn3CCCCCCCN|GraphID|L
g3|5 7 10 13 14 17 22 23
g3|22 18 15 13 14 17 22 23
g3|22 17 14 13 15 18 22 23
g3|13 10 7 5 8 11 9 12
g3|13 10 7 5 4 6 9 12
g3|9 11 8 5 4 6 9 12
g3|9 6 4 5 8 11 9 12
g3|5 7 10 13 15 18 22 23

#gn3CCCCC|GraphID|L
g3|4 5 7 10 13
g3|22 18 15 13 14
g3|22 18 15 13 10
g3|22 17 14 13 15
g3|22 17 14 13 10
g3|18 22 17 14 13
g3|18 15 13 14 17
g3|18 15 13 10 7
g3|17 22 18 15 13
g3|17 14 13 15 18
g3|17 14 13 10 7
g3|15 18 22 17 14
g3|15 13 14 17 22
g3|15 13 10 7 5
g3|14 17 22 18 15
g3|14 13 15 18 22
g3|14 13 10 7 5
g3|13 15 18 22 17
g3|13 14 17 22 18
g3|13 10 7 5 8
g3|13 10 7 5 4
g3|11 9 6 4 5
g3|11 8 5 7 10
g3|11 8 5 4 6
g3|10 13 15 18 22
g3|10 13 14 17 22
g3|10 7 5 8 11
g3|10 7 5 4 6
g3|9 11 8 5 7
g3|9 11 8 5 4
g3|9 6 4 5 8
g3|9 6 4 5 7
g3|8 11 9 6 4
g3|8 5 7 10 13
g3|8 5 4 6 9
g3|7 10 13 15 18
g3|7 10 13 14 17
g3|7 5 8 11 9
g3|7 5 4 6 9
g3|6 9 11 8 5
g3|6 4 5 8 11
g3|6 4 5 7 10
g3|5 8 11 9 6
g3|5 7 10 13 15
g3|5 7 10 13 14
g3|5 4 6 9 11
g3|4 6 9 11 8
g3|4 5 8 11 9

#gn3CCCCCC|GraphID|L
g3|4 5 7 10 13 14
g3|22 18 15 13 14 17
g3|22 18 15 13 10 7
g3|22 17 14 13 15 18
g3|22 17 14 13 10 7
g3|18 22 17 14 13 15
g3|18 22 17 14 13 10
g3|18 15 13 14 17 22
g3|18 15 13 10 7 5
g3|17 22 18 15 13 14
g3|17 22 18 15 13 10
g3|17 14 13 15 18 22
g3|17 14 13 10 7 5
g3|15 18 22 17 14 13
g3|15 13 14 17 22 18
g3|15 13 10 7 5 8
g3|15 13 10 7 5 4
g3|14 17 22 18 15 13
g3|14 13 15 18 22 17
g3|14 13 10 7 5 8
g3|14 13 10 7 5 4
g3|13 15 18 22 17 14
g3|13 14 17 22 18 15
g3|13 10 7 5 8 11
g3|13 10 7 5 4 6
g3|11 9 6 4 5 8
g3|11 9 6 4 5 7
g3|11 8 5 7 10 13
g3|11 8 5 4 6 9
g3|10 13 15 18 22 17
g3|10 13 14 17 22 18
g3|10 7 5 8 11 9
g3|10 7 5 4 6 9
g3|9 11 8 5 7 10
g3|9 11 8 5 4 6
g3|9 6 4 5 8 11
g3|9 6 4 5 7 10
g3|8 11 9 6 4 5
g3|8 5 7 10 13 15
g3|8 5 7 10 13 14
g3|8 5 4 6 9 11
g3|7 10 13 15 18 22
g3|7 10 13 14 17 22
g3|7 5 8 11 9 6
g3|7 5 4 6 9 11
g3|6 9 11 8 5 7
g3|6 9 11 8 5 4
g3|6 4 5 8 11 9
g3|6 4 5 7 10 13
g3|5 8 11 9 6 4
g3|5 7 10 13 15 18
g3|5 7 10 13 14 17
g3|5 4 6 9 11 8
g3|4 6 9 11 8 5
g3|4 5 8 11 9 6
g3|4 5 7 10 13 15

#gn3CCCCCCS|GraphID|L
g3|4 5 7 10 13 14 16
g3|17 22 18 15 13 14 16
g3|15 13 10 7 5 4 0
g3|14 13 10 7 5 4 0
g3|13 15 18 22 17 14 16
g3|8 5 7 10 13 14 16
g3|6 9 11 8 5 4 0
g3|5 8 11 9 6 4 0

#gn3HNCCCCCCC|GraphID|L
g3|30 12 9 6 4 5 7 10 13
g3|37 23 22 18 15 13 14 17 22
g3|37 23 22 18 15 13 10 7 5
g3|37 23 22 17 14 13 15 18 22
g3|37 23 22 17 14 13 10 7 5
g3|36 23 22 18 15 13 14 17 22
g3|36 23 22 18 15 13 10 7 5
g3|36 23 22 17 14 13 15 18 22
g3|36 23 22 17 14 13 10 7 5
g3|31 12 9 11 8 5 7 10 13
g3|31 12 9 11 8 5 4 6 9
g3|31 12 9 6 4 5 8 11 9
g3|31 12 9 6 4 5 7 10 13
g3|30 12 9 11 8 5 7 10 13
g3|30 12 9 11 8 5 4 6 9
g3|30 12 9 6 4 5 8 11 9

#gn3CCCCCCSO|GraphID|L
g3|4 5 7 10 13 14 16 19
g3|17 22 18 15 13 14 16 21
g3|17 22 18 15 13 14 16 20
g3|17 22 18 15 13 14 16 19
g3|15 13 10 7 5 4 0 3
g3|15 13 10 7 5 4 0 2
g3|15 13 10 7 5 4 0 1
g3|14 13 10 7 5 4 0 3
g3|14 13 10 7 5 4 0 2
g3|14 13 10 7 5 4 0 1
g3|13 15 18 22 17 14 16 21
g3|13 15 18 22 17 14 16 20
g3|13 15 18 22 17 14 16 19
g3|8 5 7 10 13 14 16 21
g3|8 5 7 10 13 14 16 20
g3|8 5 7 10 13 14 16 19
g3|6 9 11 8 5 4 0 3
g3|6 9 11 8 5 4 0 2
g3|6 9 11 8 5 4 0 1
g3|5 8 11 9 6 4 0 3
g3|5 8 11 9 6 4 0 2
g3|5 8 11 9 6 4 0 1
g3|4 5 7 10 13 14 16 21
g3|4 5 7 10 13 14 16 20

#gn3CCCCCCSOH|GraphID|L
g3|4 5 7 10 13 14 16 21 35
g3|17 22 18 15 13 14 16 21 35
g3|15 13 10 7 5 4 0 3 24
g3|14 13 10 7 5 4 0 3 24
g3|13 15 18 22 17 14 16 21 35
g3|8 5 7 10 13 14 16 21 35
g3|6 9 11 8 5 4 0 3 24
g3|5 8 11 9 6 4 0 3 24

#gn3CCCCCCC|GraphID|L
g3|4 5 7 10 13 14 17
g3|22 18 15 13 14 17 22
g3|22 18 15 13 10 7 5
g3|22 17 14 13 15 18 22
g3|22 17 14 13 10 7 5
g3|18 22 17 14 13 15 18
g3|18 22 17 14 13 10 7
g3|18 15 13 14 17 22 18
g3|18 15 13 10 7 5 8
g3|18 15 13 10 7 5 4
g3|17 22 18 15 13 14 17
g3|17 22 18 15 13 10 7
g3|17 14 13 15 18 22 17
g3|17 14 13 10 7 5 8
g3|17 14 13 10 7 5 4
g3|15 18 22 17 14 13 15
g3|15 18 22 17 14 13 10
g3|15 13 14 17 22 18 15
g3|15 13 10 7 5 8 11
g3|15 13 10 7 5 4 6
g3|14 17 22 18 15 13 14
g3|14 17 22 18 15 13 10
g3|14 13 15 18 22 17 14
g3|14 13 10 7 5 8 11
g3|14 13 10 7 5 4 6
g3|13 15 18 22 17 14 13
g3|13 14 17 22 18 15 13
g3|13 10 7 5 8 11 9
g3|13 10 7 5 4 6 9
g3|11 9 6 4 5 8 11
g3|11 9 6 4 5 7 10
g3|11 8 5 7 10 13 15
g3|11 8 5 7 10 13 14
g3|11 8 5 4 6 9 11
g3|10 13 15 18 22 17 14
g3|10 13 14 17 22 18 15
g3|10 7 5 8 11 9 6
g3|10 7 5 4 6 9 11
g3|9 11 8 5 7 10 13
g3|9 11 8 5 4 6 9
g3|9 6 4 5 8 11 9
g3|9 6 4 5 7 10 13
g3|8 11 9 6 4 5 8
g3|8 11 9 6 4 5 7
g3|8 5 7 10 13 15 18
g3|8 5 7 10 13 14 17
g3|8 5 4 6 9 11 8
g3|7 10 13 15 18 22 17
g3|7 10 13 14 17 22 18
g3|7 5 8 11 9 6 4
g3|7 5 4 6 9 11 8
g3|6 9 11 8 5 7 10
g3|6 9 11 8 5 4 6
g3|6 4 5 8 11 9 6
g3|6 4 5 7 10 13 15
g3|6 4 5 7 10 13 14
g3|5 8 11 9 6 4 5
g3|5 7 10 13 15 18 22
g3|5 7 10 13 14 17 22
g3|5 4 6 9 11 8 5
g3|4 6 9 11 8 5 7
g3|4 6 9 11 8 5 4
g3|4 5 8 11 9 6 4
g3|4 5 7 10 13 15 18

#gn3CCCCCCCC|GraphID|L
g3|4 5 7 10 13 14 17 22
g3|22 18 15 13 10 7 5 8
g3|22 18 15 13 10 7 5 4
g3|22 17 14 13 10 7 5 8
g3|22 17 14 13 10 7 5 4
g3|18 22 17 14 13 10 7 5
g3|18 15 13 10 7 5 8 11
g3|18 15 13 10 7 5 4 6
g3|17 22 18 15 13 10 7 5
g3|17 14 13 10 7 5 8 11
g3|17 14 13 10 7 5 4 6
g3|15 18 22 17 14 13 10 7
g3|15 13 10 7 5 8 11 9
g3|15 13 10 7 5 4 6 9
g3|14 17 22 18 15 13 10 7
g3|14 13 10 7 5 8 11 9
g3|14 13 10 7 5 4 6 9
g3|13 15 18 22 17 14 13 10
g3|13 14 17 22 18 15 13 10
g3|13 10 7 5 8 11 9 6
g3|13 10 7 5 4 6 9 11
g3|11 9 6 4 5 7 10 13
g3|11 8 5 7 10 13 15 18
g3|11 8 5 7 10 13 14 17
g3|10 13 15 18 22 17 14 13
g3|10 13 14 17 22 18 15 13
g3|10 7 5 8 11 9 6 4
g3|10 7 5 4 6 9 11 8
g3|9 11 8 5 7 10 13 15
g3|9 11 8 5 7 10 13 14
g3|9 6 4 5 7 10 13 15
g3|9 6 4 5 7 10 13 14
g3|8 11 9 6 4 5 7 10
g3|8 5 7 10 13 15 18 22
g3|8 5 7 10 13 14 17 22
g3|7 10 13 15 18 22 17 14
g3|7 10 13 14 17 22 18 15
g3|7 5 8 11 9 6 4 5
g3|7 5 4 6 9 11 8 5
g3|6 9 11 8 5 7 10 13
g3|6 4 5 7 10 13 15 18
g3|6 4 5 7 10 13 14 17
g3|5 8 11 9 6 4 5 7
g3|5 7 10 13 15 18 22 17
g3|5 7 10 13 14 17 22 18
g3|5 4 6 9 11 8 5 7
g3|4 6 9 11 8 5 7 10
g3|4 5 7 10 13 15 18 22

#gn3CCCCCCCCC|GraphID|L
g3|4 5 7 10 13 14 17 22 18
g3|22 18 15 13 10 7 5 8 11
g3|22 18 15 13 10 7 5 4 6
g3|22 17 14 13 10 7 5 8 11
g3|22 17 14 13 10 7 5 4 6
g3|18 22 17 14 13 10 7 5 8
g3|18 22 17 14 13 10 7 5 4
g3|18 15 13 10 7 5 8 11 9
g3|18 15 13 10 7 5 4 6 9
g3|17 22 18 15 13 10 7 5 8
g3|17 22 18 15 13 10 7 5 4
g3|17 14 13 10 7 5 8 11 9
g3|17 14 13 10 7 5 4 6 9
g3|15 18 22 17 14 13 10 7 5
g3|15 13 10 7 5 8 11 9 6
g3|15 13 10 7 5 4 6 9 11
g3|14 17 22 18 15 13 10 7 5
g3|14 13 10 7 5 8 11 9 6
g3|14 13 10 7 5 4 6 9 11
g3|13 15 18 22 17 14 13 10 7
g3|13 14 17 22 18 15 13 10 7
g3|13 10 7 5 8 11 9 6 4
g3|13 10 7 5 4 6 9 11 8
g3|11 9 6 4 5 7 10 13 15
g3|11 9 6 4 5 7 10 13 14
g3|11 8 5 7 10 13 15 18 22
g3|11 8 5 7 10 13 14 17 22
g3|10 7 5 8 11 9 6 4 5
g3|10 7 5 4 6 9 11 8 5
g3|9 11 8 5 7 10 13 15 18
g3|9 11 8 5 7 10 13 14 17
g3|9 6 4 5 7 10 13 15 18
g3|9 6 4 5 7 10 13 14 17
g3|8 11 9 6 4 5 7 10 13
g3|8 5 7 10 13 15 18 22 17
g3|8 5 7 10 13 14 17 22 18
g3|7 10 13 15 18 22 17 14 13
g3|7 10 13 14 17 22 18 15 13
g3|6 9 11 8 5 7 10 13 15
g3|6 9 11 8 5 7 10 13 14
g3|6 4 5 7 10 13 15 18 22
g3|6 4 5 7 10 13 14 17 22
g3|5 8 11 9 6 4 5 7 10
g3|5 7 10 13 15 18 22 17 14
g3|5 7 10 13 14 17 22 18 15
g3|5 4 6 9 11 8 5 7 10
g3|4 6 9 11 8 5 7 10 13
g3|4 5 7 10 13 15 18 22 17

#gn3CCCCCCCCCC|GraphID|L
g3|4 5 7 10 13 14 17 22 18 15
g3|22 18 15 13 10 7 5 8 11 9
g3|22 18 15 13 10 7 5 4 6 9
g3|22 17 14 13 10 7 5 8 11 9
g3|22 17 14 13 10 7 5 4 6 9
g3|18 22 17 14 13 10 7 5 8 11
g3|18 22 17 14 13 10 7 5 4 6
g3|18 15 13 10 7 5 8 11 9 6
g3|18 15 13 10 7 5 4 6 9 11
g3|17 22 18 15 13 10 7 5 8 11
g3|17 22 18 15 13 10 7 5 4 6
g3|17 14 13 10 7 5 8 11 9 6
g3|17 14 13 10 7 5 4 6 9 11
g3|15 18 22 17 14 13 10 7 5 8
g3|15 18 22 17 14 13 10 7 5 4
g3|15 13 10 7 5 8 11 9 6 4
g3|15 13 10 7 5 4 6 9 11 8
g3|14 17 22 18 15 13 10 7 5 8
g3|14 17 22 18 15 13 10 7 5 4
g3|14 13 10 7 5 8 11 9 6 4
g3|14 13 10 7 5 4 6 9 11 8
g3|13 15 18 22 17 14 13 10 7 5
g3|13 14 17 22 18 15 13 10 7 5
g3|13 10 7 5 8 11 9 6 4 5
g3|13 10 7 5 4 6 9 11 8 5
g3|11 9 6 4 5 7 10 13 15 18
g3|11 9 6 4 5 7 10 13 14 17
g3|11 8 5 7 10 13 15 18 22 17
g3|11 8 5 7 10 13 14 17 22 18
g3|9 11 8 5 7 10 13 15 18 22
g3|9 11 8 5 7 10 13 14 17 22
g3|9 6 4 5 7 10 13 15 18 22
g3|9 6 4 5 7 10 13 14 17 22
g3|8 11 9 6 4 5 7 10 13 15
g3|8 11 9 6 4 5 7 10 13 14
g3|8 5 7 10 13 15 18 22 17 14
g3|8 5 7 10 13 14 17 22 18 15
g3|6 9 11 8 5 7 10 13 15 18
g3|6 9 11 8 5 7 10 13 14 17
g3|6 4 5 7 10 13 15 18 22 17
g3|6 4 5 7 10 13 14 17 22 18
g3|5 8 11 9 6 4 5 7 10 13
g3|5 7 10 13 15 18 22 17 14 13
g3|5 7 10 13 14 17 22 18 15 13
g3|5 4 6 9 11 8 5 7 10 13
g3|4 6 9 11 8 5 7 10 13 15
g3|4 6 9 11 8 5 7 10 13 14
g3|4 5 7 10 13 15 18 22 17 14

#gn3CCCCCCCCCCC|GraphID|L
g3|4 5 7 10 13 14 17 22 18 15 13
g3|22 18 15 13 10 7 5 8 11 9 6
g3|22 18 15 13 10 7 5 4 6 9 11
g3|22 17 14 13 10 7 5 8 11 9 6
g3|22 17 14 13 10 7 5 4 6 9 11
g3|18 22 17 14 13 10 7 5 8 11 9
g3|18 22 17 14 13 10 7 5 4 6 9
g3|18 15 13 10 7 5 8 11 9 6 4
g3|18 15 13 10 7 5 4 6 9 11 8
g3|17 22 18 15 13 10 7 5 8 11 9
g3|17 22 18 15 13 10 7 5 4 6 9
g3|17 14 13 10 7 5 8 11 9 6 4
g3|17 14 13 10 7 5 4 6 9 11 8
g3|15 18 22 17 14 13 10 7 5 8 11
g3|15 18 22 17 14 13 10 7 5 4 6
g3|15 13 10 7 5 8 11 9 6 4 5
g3|15 13 10 7 5 4 6 9 11 8 5
g3|14 17 22 18 15 13 10 7 5 8 11
g3|14 17 22 18 15 13 10 7 5 4 6
g3|14 13 10 7 5 8 11 9 6 4 5
g3|14 13 10 7 5 4 6 9 11 8 5
g3|13 15 18 22 17 14 13 10 7 5 8
g3|13 15 18 22 17 14 13 10 7 5 4
g3|13 14 17 22 18 15 13 10 7 5 8
g3|13 14 17 22 18 15 13 10 7 5 4
g3|11 9 6 4 5 7 10 13 15 18 22
g3|11 9 6 4 5 7 10 13 14 17 22
g3|11 8 5 7 10 13 15 18 22 17 14
g3|11 8 5 7 10 13 14 17 22 18 15
g3|9 11 8 5 7 10 13 15 18 22 17
g3|9 11 8 5 7 10 13 14 17 22 18
g3|9 6 4 5 7 10 13 15 18 22 17
g3|9 6 4 5 7 10 13 14 17 22 18
g3|8 11 9 6 4 5 7 10 13 15 18
g3|8 11 9 6 4 5 7 10 13 14 17
g3|8 5 7 10 13 15 18 22 17 14 13
g3|8 5 7 10 13 14 17 22 18 15 13
g3|6 9 11 8 5 7 10 13 15 18 22
g3|6 9 11 8 5 7 10 13 14 17 22
g3|6 4 5 7 10 13 15 18 22 17 14
g3|6 4 5 7 10 13 14 17 22 18 15
g3|5 8 11 9 6 4 5 7 10 13 15
g3|5 8 11 9 6 4 5 7 10 13 14
g3|5 4 6 9 11 8 5 7 10 13 15
g3|5 4 6 9 11 8 5 7 10 13 14
g3|4 6 9 11 8 5 7 10 13 15 18
g3|4 6 9 11 8 5 7 10 13 14 17
g3|4 5 7 10 13 15 18 22 17 14 13

#gn3CCCCCCCCCCH|GraphID|L
g3|4 5 7 10 13 14 17 22 18 15 32
g3|18 22 17 14 13 10 7 5 8 11 29
g3|18 22 17 14 13 10 7 5 4 6 25
g3|18 15 13 10 7 5 8 11 9 6 25
g3|18 15 13 10 7 5 4 6 9 11 29
g3|17 22 18 15 13 10 7 5 8 11 29
g3|17 22 18 15 13 10 7 5 4 6 25
g3|17 14 13 10 7 5 8 11 9 6 25
g3|17 14 13 10 7 5 4 6 9 11 29
g3|15 18 22 17 14 13 10 7 5 8 27
g3|15 13 10 7 5 4 6 9 11 8 27
g3|14 17 22 18 15 13 10 7 5 8 27
g3|14 13 10 7 5 4 6 9 11 8 27
g3|11 9 6 4 5 7 10 13 15 18 34
g3|11 9 6 4 5 7 10 13 14 17 33
g3|11 8 5 7 10 13 15 18 22 17 33
g3|11 8 5 7 10 13 14 17 22 18 34
g3|8 11 9 6 4 5 7 10 13 15 32
g3|8 5 7 10 13 14 17 22 18 15 32
g3|6 9 11 8 5 7 10 13 15 18 34
g3|6 9 11 8 5 7 10 13 14 17 33
g3|6 4 5 7 10 13 15 18 22 17 33
g3|6 4 5 7 10 13 14 17 22 18 34
g3|4 6 9 11 8 5 7 10 13 15 32

#gn3CCCCCCCCCH|GraphID|L
g3|4 5 7 10 13 14 17 22 18 34
g3|22 18 15 13 10 7 5 8 11 29
g3|22 18 15 13 10 7 5 4 6 25
g3|22 17 14 13 10 7 5 8 11 29
g3|22 17 14 13 10 7 5 4 6 25
g3|18 22 17 14 13 10 7 5 8 27
g3|17 22 18 15 13 10 7 5 8 27
g3|15 13 10 7 5 8 11 9 6 25
g3|15 13 10 7 5 4 6 9 11 29
g3|14 13 10 7 5 8 11 9 6 25
g3|14 13 10 7 5 4 6 9 11 29
g3|13 15 18 22 17 14 13 10 7 26
g3|13 14 17 22 18 15 13 10 7 26
g3|13 10 7 5 4 6 9 11 8 27
g3|11 9 6 4 5 7 10 13 15 32
g3|9 11 8 5 7 10 13 15 18 34
g3|9 11 8 5 7 10 13 14 17 33
g3|9 6 4 5 7 10 13 15 18 34
g3|9 6 4 5 7 10 13 14 17 33
g3|8 5 7 10 13 15 18 22 17 33
g3|8 5 7 10 13 14 17 22 18 34
g3|6 9 11 8 5 7 10 13 15 32
g3|5 8 11 9 6 4 5 7 10 28
g3|5 7 10 13 14 17 22 18 15 32
g3|5 4 6 9 11 8 5 7 10 28
g3|4 5 7 10 13 15 18 22 17 33

#gn3CCCCCCCCN|GraphID|L
g3|4 5 7 10 13 14 17 22 23
g3|15 13 10 7 5 8 11 9 12
g3|15 13 10 7 5 4 6 9 12
g3|14 13 10 7 5 8 11 9 12
g3|14 13 10 7 5 4 6 9 12
g3|8 5 7 10 13 15 18 22 23
g3|8 5 7 10 13 14 17 22 23
g3|4 5 7 10 13 15 18 22 23

#gn3CCCCCCCCNH|GraphID|L
g3|4 5 7 10 13 14 17 22 23 36
g3|15 13 10 7 5 8 11 9 12 31
g3|15 13 10 7 5 8 11 9 12 30
g3|15 13 10 7 5 4 6 9 12 31
g3|15 13 10 7 5 4 6 9 12 30
g3|14 13 10 7 5 8 11 9 12 31
g3|14 13 10 7 5 8 11 9 12 30
g3|14 13 10 7 5 4 6 9 12 31
g3|14 13 10 7 5 4 6 9 12 30
g3|8 5 7 10 13 15 18 22 23 37
g3|8 5 7 10 13 15 18 22 23 36
g3|8 5 7 10 13 14 17 22 23 37
g3|8 5 7 10 13 14 17 22 23 36
g3|4 5 7 10 13 15 18 22 23 37
g3|4 5 7 10 13 15 18 22 23 36
g3|4 5 7 10 13 14 17 22 23 37

#gn3CCCCCCCH|GraphID|L
g3|4 5 7 10 13 14 17 33
g3|18 22 17 14 13 15 18 34
g3|18 22 17 14 13 10 7 26
g3|18 15 13 14 17 22 18 34
g3|18 15 13 10 7 5 8 27
g3|17 22 18 15 13 14 17 33
g3|17 22 18 15 13 10 7 26
g3|17 14 13 15 18 22 17 33
g3|17 14 13 10 7 5 8 27
g3|15 18 22 17 14 13 15 32
g3|15 18 22 17 14 13 10 28
g3|15 13 14 17 22 18 15 32
g3|15 13 10 7 5 8 11 29
g3|15 13 10 7 5 4 6 25
g3|14 17 22 18 15 13 10 28
g3|14 13 10 7 5 8 11 29
g3|14 13 10 7 5 4 6 25
g3|11 9 6 4 5 8 11 29
g3|11 9 6 4 5 7 10 28
g3|11 8 5 7 10 13 15 32
g3|11 8 5 4 6 9 11 29
g3|10 13 14 17 22 18 15 32
g3|10 7 5 8 11 9 6 25
g3|10 7 5 4 6 9 11 29
g3|8 11 9 6 4 5 8 27
g3|8 11 9 6 4 5 7 26
g3|8 5 7 10 13 15 18 34
g3|8 5 7 10 13 14 17 33
g3|8 5 4 6 9 11 8 27
g3|7 10 13 15 18 22 17 33
g3|7 10 13 14 17 22 18 34
g3|7 5 4 6 9 11 8 27
g3|6 9 11 8 5 7 10 28
g3|6 9 11 8 5 4 6 25
g3|6 4 5 8 11 9 6 25
g3|6 4 5 7 10 13 15 32
g3|4 6 9 11 8 5 7 26
g3|4 5 7 10 13 15 18 34

#gn3CCCCCCCCCCS|GraphID|L
g3|4 5 7 10 13 15 18 22 17 14 16
g3|15 18 22 17 14 13 10 7 5 4 0
g3|15 13 10 7 5 8 11 9 6 4 0
g3|14 17 22 18 15 13 10 7 5 4 0
g3|14 13 10 7 5 8 11 9 6 4 0
g3|8 11 9 6 4 5 7 10 13 14 16
g3|8 5 7 10 13 15 18 22 17 14 16
g3|4 6 9 11 8 5 7 10 13 14 16

#gn3CCCCCCH|GraphID|L
g3|4 5 7 10 13 15 32
g3|22 18 15 13 14 17 33
g3|22 18 15 13 10 7 26
g3|22 17 14 13 15 18 34
g3|22 17 14 13 10 7 26
g3|18 22 17 14 13 15 32
g3|18 22 17 14 13 10 28
g3|17 22 18 15 13 10 28
g3|15 13 14 17 22 18 34
g3|15 13 10 7 5 8 27
g3|14 13 15 18 22 17 33
g3|14 13 10 7 5 8 27
g3|13 14 17 22 18 15 32
g3|13 10 7 5 8 11 29
g3|13 10 7 5 4 6 25
g3|11 9 6 4 5 8 27
g3|11 9 6 4 5 7 26
g3|10 13 15 18 22 17 33
g3|10 13 14 17 22 18 34
g3|9 11 8 5 7 10 28
g3|9 11 8 5 4 6 25
g3|9 6 4 5 8 11 29
g3|9 6 4 5 7 10 28
g3|8 5 7 10 13 15 32
g3|8 5 4 6 9 11 29
g3|7 5 8 11 9 6 25
g3|7 5 4 6 9 11 29
g3|6 9 11 8 5 7 26
g3|5 7 10 13 15 18 34
g3|5 7 10 13 14 17 33
g3|5 4 6 9 11 8 27
g3|4 5 8 11 9 6 25

#gn3CCCCH|GraphID|L
g3|4 5 7 10 28
g3|18 15 13 10 28
g3|17 22 18 15 32
g3|17 14 13 15 32
g3|17 14 13 10 28
g3|15 18 22 17 33
g3|15 13 14 17 33
g3|15 13 10 7 26
g3|14 17 22 18 34
g3|14 13 15 18 34
g3|14 13 10 7 26
g3|11 8 5 7 26
g3|10 13 15 18 34
g3|10 13 14 17 33
g3|10 7 5 8 27
g3|8 11 9 6 25
g3|8 5 7 10 28
g3|8 5 4 6 25
g3|7 10 13 15 32
g3|7 5 8 11 29
g3|7 5 4 6 25
g3|6 9 11 8 27
g3|6 4 5 8 27
g3|6 4 5 7 26
g3|4 6 9 11 29
g3|4 5 8 11 29

#gn3CCCCCCCNH|GraphID|L
g3|5 7 10 13 14 17 22 23 36
g3|22 18 15 13 14 17 22 23 37
g3|22 18 15 13 14 17 22 23 36
g3|22 17 14 13 15 18 22 23 37
g3|22 17 14 13 15 18 22 23 36
g3|13 10 7 5 8 11 9 12 31
g3|13 10 7 5 8 11 9 12 30
g3|13 10 7 5 4 6 9 12 31
g3|13 10 7 5 4 6 9 12 30
g3|9 11 8 5 4 6 9 12 31
g3|9 11 8 5 4 6 9 12 30
g3|9 6 4 5 8 11 9 12 31
g3|9 6 4 5 8 11 9 12 30
g3|5 7 10 13 15 18 22 23 37
g3|5 7 10 13 15 18 22 23 36
g3|5 7 10 13 14 17 22 23 37

#gn3CCCH|GraphID|L
g3|4 5 7 26
g3|22 18 15 32
g3|18 22 17 33
g3|17 22 18 34
g3|15 13 10 28
g3|14 13 15 32
g3|14 13 10 28
g3|13 15 18 34
g3|13 14 17 33
g3|13 10 7 26
g3|11 9 6 25
g3|10 13 15 32
g3|9 11 8 27
g3|8 5 7 26
g3|7 5 8 27
g3|6 9 11 29
g3|5 8 11 29
g3|5 7 10 28
g3|5 4 6 25
g3|4 5 8 27

#gn3CCCCCCCS|GraphID|L
g3|4 5 8 11 9 6 4 0
g3|18 15 13 10 7 5 4 0
g3|17 14 13 10 7 5 4 0
g3|14 17 22 18 15 13 14 16
g3|14 13 15 18 22 17 14 16
g3|11 8 5 7 10 13 14 16
g3|10 13 15 18 22 17 14 16
g3|7 5 8 11 9 6 4 0
g3|6 4 5 7 10 13 14 16
g3|4 6 9 11 8 5 4 0

#gn3CCCCCCCSO|GraphID|L
g3|4 5 8 11 9 6 4 0 1
g3|18 15 13 10 7 5 4 0 3
g3|18 15 13 10 7 5 4 0 2
g3|18 15 13 10 7 5 4 0 1
g3|17 14 13 10 7 5 4 0 3
g3|17 14 13 10 7 5 4 0 2
g3|17 14 13 10 7 5 4 0 1
g3|14 17 22 18 15 13 14 16 21
g3|14 17 22 18 15 13 14 16 20
g3|14 17 22 18 15 13 14 16 19
g3|14 13 15 18 22 17 14 16 21
g3|14 13 15 18 22 17 14 16 20
g3|14 13 15 18 22 17 14 16 19
g3|11 8 5 7 10 13 14 16 21
g3|11 8 5 7 10 13 14 16 20
g3|11 8 5 7 10 13 14 16 19
g3|10 13 15 18 22 17 14 16 21
g3|10 13 15 18 22 17 14 16 20
g3|10 13 15 18 22 17 14 16 19
g3|7 5 8 11 9 6 4 0 3
g3|7 5 8 11 9 6 4 0 2
g3|7 5 8 11 9 6 4 0 1
g3|6 4 5 7 10 13 14 16 21
g3|6 4 5 7 10 13 14 16 20
g3|6 4 5 7 10 13 14 16 19
g3|4 6 9 11 8 5 4 0 3
g3|4 6 9 11 8 5 4 0 2
g3|4 6 9 11 8 5 4 0 1
g3|4 5 8 11 9 6 4 0 3
g3|4 5 8 11 9 6 4 0 2

#gn3CCCCCCCSOH|GraphID|L
g3|4 5 8 11 9 6 4 0 3 24
g3|18 15 13 10 7 5 4 0 3 24
g3|17 14 13 10 7 5 4 0 3 24
g3|14 17 22 18 15 13 14 16 21 35
g3|14 13 15 18 22 17 14 16 21 35
g3|11 8 5 7 10 13 14 16 21 35
g3|10 13 15 18 22 17 14 16 21 35
g3|7 5 8 11 9 6 4 0 3 24
g3|6 4 5 7 10 13 14 16 21 35
g3|4 6 9 11 8 5 4 0 3 24

#gn3CCCCCN|GraphID|L
g3|4 5 8 11 9 12
g3|15 13 14 17 22 23
g3|14 13 15 18 22 23
g3|10 13 15 18 22 23
g3|10 13 14 17 22 23
g3|8 5 4 6 9 12
g3|7 5 8 11 9 12
g3|7 5 4 6 9 12

#gn3CCCCCNH|GraphID|L
g3|4 5 8 11 9 12 30
g3|15 13 14 17 22 23 37
g3|15 13 14 17 22 23 36
g3|14 13 15 18 22 23 37
g3|14 13 15 18 22 23 36
g3|10 13 15 18 22 23 37
g3|10 13 15 18 22 23 36
g3|10 13 14 17 22 23 37
g3|10 13 14 17 22 23 36
g3|8 5 4 6 9 12 31
g3|8 5 4 6 9 12 30
g3|7 5 8 11 9 12 31
g3|7 5 8 11 9 12 30
g3|7 5 4 6 9 12 31
g3|7 5 4 6 9 12 30
g3|4 5 8 11 9 12 31

#gn3CCCNH|GraphID|L
g3|4 6 9 12 30
g3|15 18 22 23 37
g3|15 18 22 23 36
g3|14 17 22 23 37
g3|14 17 22 23 36
g3|8 11 9 12 31
g3|8 11 9 12 30
g3|4 6 9 12 31

#gn3CCCCCCCCH|GraphID|L
g3|4 6 9 11 8 5 7 10 28
g3|22 18 15 13 10 7 5 8 27
g3|22 17 14 13 10 7 5 8 27
g3|18 15 13 10 7 5 8 11 29
g3|18 15 13 10 7 5 4 6 25
g3|17 14 13 10 7 5 8 11 29
g3|17 14 13 10 7 5 4 6 25
g3|15 18 22 17 14 13 10 7 26
g3|14 17 22 18 15 13 10 7 26
g3|13 15 18 22 17 14 13 10 28
g3|13 14 17 22 18 15 13 10 28
g3|13 10 7 5 8 11 9 6 25
g3|13 10 7 5 4 6 9 11 29
g3|11 8 5 7 10 13 15 18 34
g3|11 8 5 7 10 13 14 17 33
g3|10 7 5 4 6 9 11 8 27
g3|9 11 8 5 7 10 13 15 32
g3|9 6 4 5 7 10 13 15 32
g3|8 11 9 6 4 5 7 10 28
g3|7 10 13 14 17 22 18 15 32
g3|6 4 5 7 10 13 15 18 34
g3|6 4 5 7 10 13 14 17 33
g3|5 8 11 9 6 4 5 7 26
g3|5 7 10 13 15 18 22 17 33
g3|5 7 10 13 14 17 22 18 34
g3|5 4 6 9 11 8 5 7 26

#gn3CCCCCH|GraphID|L
g3|4 6 9 11 8 27
g3|22 18 15 13 10 28
g3|22 17 14 13 15 32
g3|22 17 14 13 10 28
g3|18 15 13 14 17 33
g3|18 15 13 10 7 26
g3|17 14 13 15 18 34
g3|17 14 13 10 7 26
g3|14 17 22 18 15 32
g3|13 15 18 22 17 33
g3|13 14 17 22 18 34
g3|13 10 7 5 8 27
g3|11 8 5 7 10 28
g3|11 8 5 4 6 25
g3|10 7 5 8 11 29
g3|10 7 5 4 6 25
g3|9 11 8 5 7 26
g3|9 6 4 5 8 27
g3|9 6 4 5 7 26
g3|7 10 13 15 18 34
g3|7 10 13 14 17 33
g3|6 4 5 8 11 29
g3|6 4 5 7 10 28
g3|5 8 11 9 6 25
g3|5 7 10 13 15 32
g3|5 4 6 9 11 29

#gn3CCH|GraphID|L
g3|4 6 25
g3|22 18 34
g3|22 17 33
g3|18 15 32
g3|15 18 34
g3|14 17 33
g3|13 15 32
g3|13 10 28
g3|11 8 27
g3|10 7 26
g3|9 11 29
g3|9 6 25
g3|8 11 29
g3|7 10 28
g3|5 8 27
g3|5 7 26

#gn3CCS|GraphID|L
g3|5 4 0
g3|17 14 16
g3|13 14 16
g3|6 4 0

#gn3CCSO|GraphID|L
g3|5 4 0 1
g3|17 14 16 21
g3|17 14 16 20
g3|17 14 16 19
g3|13 14 16 21
g3|13 14 16 20
g3|13 14 16 19
g3|6 4 0 3
g3|6 4 0 2
g3|6 4 0 1
g3|5 4 0 3
g3|5 4 0 2

#gn3CCSOH|GraphID|L
g3|5 4 0 3 24
g3|17 14 16 21 35
g3|13 14 16 21 35
g3|6 4 0 3 24

#gn3CCCCN|GraphID|L
g3|5 4 6 9 12
g3|13 15 18 22 23
g3|13 14 17 22 23
g3|5 8 11 9 12

#gn3CCCCNH|GraphID|L
g3|5 4 6 9 12 30
g3|13 15 18 22 23 37
g3|13 15 18 22 23 36
g3|13 14 17 22 23 37
g3|13 14 17 22 23 36
g3|5 8 11 9 12 31
g3|5 8 11 9 12 30
g3|5 4 6 9 12 31

#gn3HCCCCC|GraphID|L
g3|25 6 4 5 7 10
g3|34 18 22 17 14 13
g3|34 18 15 13 14 17
g3|34 18 15 13 10 7
g3|33 17 22 18 15 13
g3|33 17 14 13 15 18
g3|33 17 14 13 10 7
g3|32 15 18 22 17 14
g3|32 15 13 14 17 22
g3|32 15 13 10 7 5
g3|29 11 9 6 4 5
g3|29 11 8 5 7 10
g3|29 11 8 5 4 6
g3|28 10 13 15 18 22
g3|28 10 13 14 17 22
g3|28 10 7 5 8 11
g3|28 10 7 5 4 6
g3|27 8 11 9 6 4
g3|27 8 5 7 10 13
g3|27 8 5 4 6 9
g3|26 7 10 13 15 18
g3|26 7 10 13 14 17
g3|26 7 5 8 11 9
g3|26 7 5 4 6 9
g3|25 6 9 11 8 5
g3|25 6 4 5 8 11

#gn3CCCCCS|GraphID|L
g3|5 7 10 13 14 16
g3|22 18 15 13 14 16
g3|15 18 22 17 14 16
g3|13 10 7 5 4 0
g3|9 11 8 5 4 0
g3|8 11 9 6 4 0

#gn3CCCCCSO|GraphID|L
g3|5 7 10 13 14 16 19
g3|22 18 15 13 14 16 21
g3|22 18 15 13 14 16 20
g3|22 18 15 13 14 16 19
g3|15 18 22 17 14 16 21
g3|15 18 22 17 14 16 20
g3|15 18 22 17 14 16 19
g3|13 10 7 5 4 0 3
g3|13 10 7 5 4 0 2
g3|13 10 7 5 4 0 1
g3|9 11 8 5 4 0 3
g3|9 11 8 5 4 0 2
g3|9 11 8 5 4 0 1
g3|8 11 9 6 4 0 3
g3|8 11 9 6 4 0 2
g3|8 11 9 6 4 0 1
g3|5 7 10 13 14 16 21
g3|5 7 10 13 14 16 20

#gn3CCCCCSOH|GraphID|L
g3|5 7 10 13 14 16 21 35
g3|22 18 15 13 14 16 21 35
g3|15 18 22 17 14 16 21 35
g3|13 10 7 5 4 0 3 24
g3|9 11 8 5 4 0 3 24
g3|8 11 9 6 4 0 3 24

#gn3CCCCCCCCCS|GraphID|L
g3|5 7 10 13 15 18 22 17 14 16
g3|18 22 17 14 13 10 7 5 4 0
g3|17 22 18 15 13 10 7 5 4 0
g3|13 10 7 5 8 11 9 6 4 0
g3|11 9 6 4 5 7 10 13 14 16
g3|6 9 11 8 5 7 10 13 14 16

#gn3CCCCCCCCCSO|GraphID|L
g3|5 7 10 13 15 18 22 17 14 16 19
g3|18 22 17 14 13 10 7 5 4 0 3
g3|18 22 17 14 13 10 7 5 4 0 2
g3|18 22 17 14 13 10 7 5 4 0 1
g3|17 22 18 15 13 10 7 5 4 0 3
g3|17 22 18 15 13 10 7 5 4 0 2
g3|17 22 18 15 13 10 7 5 4 0 1
g3|13 10 7 5 8 11 9 6 4 0 3
g3|13 10 7 5 8 11 9 6 4 0 2
g3|13 10 7 5 8 11 9 6 4 0 1
g3|11 9 6 4 5 7 10 13 14 16 21
g3|11 9 6 4 5 7 10 13 14 16 20
g3|11 9 6 4 5 7 10 13 14 16 19
g3|6 9 11 8 5 7 10 13 14 16 21
g3|6 9 11 8 5 7 10 13 14 16 20
g3|6 9 11 8 5 7 10 13 14 16 19
g3|5 7 10 13 15 18 22 17 14 16 21
g3|5 7 10 13 15 18 22 17 14 16 20

#gn3CCCCCCCCCN|GraphID|L
g3|6 4 5 7 10 13 14 17 22 23
g3|18 15 13 10 7 5 8 11 9 12
g3|18 15 13 10 7 5 4 6 9 12
g3|17 14 13 10 7 5 8 11 9 12
g3|17 14 13 10 7 5 4 6 9 12
g3|11 8 5 7 10 13 15 18 22 23
g3|11 8 5 7 10 13 14 17 22 23
g3|6 4 5 7 10 13 15 18 22 23

#gn3CCCCCCCCCNH|GraphID|L
g3|6 4 5 7 10 13 14 17 22 23 36
g3|18 15 13 10 7 5 8 11 9 12 31
g3|18 15 13 10 7 5 8 11 9 12 30
g3|18 15 13 10 7 5 4 6 9 12 31
g3|18 15 13 10 7 5 4 6 9 12 30
g3|17 14 13 10 7 5 8 11 9 12 31
g3|17 14 13 10 7 5 8 11 9 12 30
g3|17 14 13 10 7 5 4 6 9 12 31
g3|17 14 13 10 7 5 4 6 9 12 30
g3|11 8 5 7 10 13 15 18 22 23 37
g3|11 8 5 7 10 13 15 18 22 23 36
g3|11 8 5 7 10 13 14 17 22 23 37
g3|11 8 5 7 10 13 14 17 22 23 36
g3|6 4 5 7 10 13 15 18 22 23 37
g3|6 4 5 7 10 13 15 18 22 23 36
g3|6 4 5 7 10 13 14 17 22 23 37

#gn3CCCCCCN|GraphID|L
g3|6 4 5 8 11 9 12
g3|18 15 13 14 17 22 23
g3|17 14 13 15 18 22 23
g3|11 8 5 4 6 9 12
g3|10 7 5 8 11 9 12
g3|10 7 5 4 6 9 12
g3|7 10 13 15 18 22 23
g3|7 10 13 14 17 22 23

#gn3CCN|GraphID|L
g3|6 9 12
g3|18 22 23
g3|17 22 23
g3|11 9 12

#gn3CCNH|GraphID|L
g3|6 9 12 30
g3|18 22 23 37
g3|18 22 23 36
g3|17 22 23 37
g3|17 22 23 36
g3|11 9 12 31
g3|11 9 12 30
g3|6 9 12 31

#gn3CH|GraphID|L
g3|6 25
g3|18 34
g3|17 33
g3|15 32
g3|11 29
g3|10 28
g3|8 27
g3|7 26

#gn3CCCS|GraphID|L
g3|7 5 4 0
g3|22 17 14 16
g3|15 13 14 16
g3|10 13 14 16
g3|9 6 4 0
g3|8 5 4 0

#gn3HNCCCCCCCC|GraphID|L
g3|30 12 9 6 4 5 7 10 13 14
g3|37 23 22 18 15 13 10 7 5 8
g3|37 23 22 18 15 13 10 7 5 4
g3|37 23 22 17 14 13 10 7 5 8
g3|37 23 22 17 14 13 10 7 5 4
g3|36 23 22 18 15 13 10 7 5 8
g3|36 23 22 18 15 13 10 7 5 4
g3|36 23 22 17 14 13 10 7 5 8
g3|36 23 22 17 14 13 10 7 5 4
g3|31 12 9 11 8 5 7 10 13 15
g3|31 12 9 11 8 5 7 10 13 14
g3|31 12 9 6 4 5 7 10 13 15
g3|31 12 9 6 4 5 7 10 13 14
g3|30 12 9 11 8 5 7 10 13 15
g3|30 12 9 11 8 5 7 10 13 14
g3|30 12 9 6 4 5 7 10 13 15

#gn3CCCSO|GraphID|L
g3|7 5 4 0 1
g3|22 17 14 16 21
g3|22 17 14 16 20
g3|22 17 14 16 19
g3|15 13 14 16 21
g3|15 13 14 16 20
g3|15 13 14 16 19
g3|10 13 14 16 21
g3|10 13 14 16 20
g3|10 13 14 16 19
g3|9 6 4 0 3
g3|9 6 4 0 2
g3|9 6 4 0 1
g3|8 5 4 0 3
g3|8 5 4 0 2
g3|8 5 4 0 1
g3|7 5 4 0 3
g3|7 5 4 0 2

#gn3CCCSOH|GraphID|L
g3|7 5 4 0 3 24
g3|22 17 14 16 21 35
g3|15 13 14 16 21 35
g3|10 13 14 16 21 35
g3|9 6 4 0 3 24
g3|8 5 4 0 3 24

#gn3CCCCS|GraphID|L
g3|7 10 13 14 16
g3|18 22 17 14 16
g3|18 15 13 14 16
g3|11 9 6 4 0
g3|11 8 5 4 0
g3|10 7 5 4 0

#gn3HNCC|GraphID|L
g3|30 12 9 6
g3|37 23 22 18
g3|37 23 22 17
g3|36 23 22 18
g3|36 23 22 17
g3|31 12 9 11
g3|31 12 9 6
g3|30 12 9 11

#gn3CCCCSO|GraphID|L
g3|7 10 13 14 16 19
g3|18 22 17 14 16 21
g3|18 22 17 14 16 20
g3|18 22 17 14 16 19
g3|18 15 13 14 16 21
g3|18 15 13 14 16 20
g3|18 15 13 14 16 19
g3|11 9 6 4 0 3
g3|11 9 6 4 0 2
g3|11 9 6 4 0 1
g3|11 8 5 4 0 3
g3|11 8 5 4 0 2
g3|11 8 5 4 0 1
g3|10 7 5 4 0 3
g3|10 7 5 4 0 2
g3|10 7 5 4 0 1
g3|7 10 13 14 16 21
g3|7 10 13 14 16 20

#gn3CCCCSOH|GraphID|L
g3|7 10 13 14 16 21 35
g3|18 22 17 14 16 21 35
g3|18 15 13 14 16 21 35
g3|11 9 6 4 0 3 24
g3|11 8 5 4 0 3 24
g3|10 7 5 4 0 3 24

#gn3CCCCCCCCS|GraphID|L
g3|7 10 13 15 18 22 17 14 16
g3|22 18 15 13 10 7 5 4 0
g3|22 17 14 13 10 7 5 4 0
g3|10 7 5 8 11 9 6 4 0
g3|9 11 8 5 7 10 13 14 16
g3|9 6 4 5 7 10 13 14 16

#gn3CCCCCCCCSO|GraphID|L
g3|7 10 13 15 18 22 17 14 16 19
g3|22 18 15 13 10 7 5 4 0 3
g3|22 18 15 13 10 7 5 4 0 2
g3|22 18 15 13 10 7 5 4 0 1
g3|22 17 14 13 10 7 5 4 0 3
g3|22 17 14 13 10 7 5 4 0 2
g3|22 17 14 13 10 7 5 4 0 1
g3|10 7 5 8 11 9 6 4 0 3
g3|10 7 5 8 11 9 6 4 0 2
g3|10 7 5 8 11 9 6 4 0 1
g3|9 11 8 5 7 10 13 14 16 21
g3|9 11 8 5 7 10 13 14 16 20
g3|9 11 8 5 7 10 13 14 16 19
g3|9 6 4 5 7 10 13 14 16 21
g3|9 6 4 5 7 10 13 14 16 20
g3|9 6 4 5 7 10 13 14 16 19
g3|7 10 13 15 18 22 17 14 16 21
g3|7 10 13 15 18 22 17 14 16 20

#gn3CCCCCCCCSOH|GraphID|L
g3|7 10 13 15 18 22 17 14 16 21 35
g3|22 18 15 13 10 7 5 4 0 3 24
g3|22 17 14 13 10 7 5 4 0 3 24
g3|10 7 5 8 11 9 6 4 0 3 24
g3|9 11 8 5 7 10 13 14 16 21 35
g3|9 6 4 5 7 10 13 14 16 21 35

#gn3CCCCCCCCCCN|GraphID|L
g3|9 6 4 5 7 10 13 14 17 22 23
g3|22 18 15 13 10 7 5 8 11 9 12
g3|22 18 15 13 10 7 5 4 6 9 12
g3|22 17 14 13 10 7 5 8 11 9 12
g3|22 17 14 13 10 7 5 4 6 9 12
g3|9 11 8 5 7 10 13 15 18 22 23
g3|9 11 8 5 7 10 13 14 17 22 23
g3|9 6 4 5 7 10 13 15 18 22 23

#gn3CN|GraphID|L
g3|9 12
g3|22 23

#gn3CNH|GraphID|L
g3|9 12 30
g3|22 23 37
g3|22 23 36
g3|9 12 31

#gn3NCCCS|GraphID|L
g3|12 9 6 4 0
g3|23 22 17 14 16

#gn3HCCCCCCSOH|GraphID|L
g3|25 6 9 11 8 5 4 0 3 24
g3|33 17 22 18 15 13 14 16 21 35
g3|32 15 13 10 7 5 4 0 3 24
g3|27 8 5 7 10 13 14 16 21 35

#gn3NCCCSO|GraphID|L
g3|12 9 6 4 0 1
g3|23 22 17 14 16 21
g3|23 22 17 14 16 20
g3|23 22 17 14 16 19
g3|12 9 6 4 0 3
g3|12 9 6 4 0 2

#gn3NCCCSOH|GraphID|L
g3|12 9 6 4 0 3 24
g3|23 22 17 14 16 21 35

#gn3NCCCC|GraphID|L
g3|12 9 6 4 5
g3|23 22 18 15 13
g3|23 22 17 14 13
g3|12 9 11 8 5

#gn3NCCCCCC|GraphID|L
g3|12 9 6 4 5 7 10
g3|23 22 18 15 13 14 17
g3|23 22 18 15 13 10 7
g3|23 22 17 14 13 15 18
g3|23 22 17 14 13 10 7
g3|12 9 11 8 5 7 10
g3|12 9 11 8 5 4 6
g3|12 9 6 4 5 8 11

#gn3NCCCCCCC|GraphID|L
g3|12 9 6 4 5 7 10 13
g3|23 22 18 15 13 14 17 22
g3|23 22 18 15 13 10 7 5
g3|23 22 17 14 13 15 18 22
g3|23 22 17 14 13 10 7 5
g3|12 9 11 8 5 7 10 13
g3|12 9 11 8 5 4 6 9
g3|12 9 6 4 5 8 11 9

#gn3HCCCCCH|GraphID|L
g3|25 6 4 5 7 10 28
g3|34 18 15 13 14 17 33
g3|34 18 15 13 10 7 26
g3|33 17 14 13 15 18 34
g3|33 17 14 13 10 7 26
g3|29 11 8 5 7 10 28
g3|29 11 8 5 4 6 25
g3|28 10 7 5 8 11 29
g3|28 10 7 5 4 6 25
g3|26 7 10 13 15 18 34
g3|26 7 10 13 14 17 33
g3|25 6 4 5 8 11 29

#gn3NCCCCCCCC|GraphID|L
g3|12 9 6 4 5 7 10 13 14
g3|23 22 18 15 13 10 7 5 8
g3|23 22 18 15 13 10 7 5 4
g3|23 22 17 14 13 10 7 5 8
g3|23 22 17 14 13 10 7 5 4
g3|12 9 11 8 5 7 10 13 15
g3|12 9 11 8 5 7 10 13 14
g3|12 9 6 4 5 7 10 13 15

#gn3NCCCCCCCCS|GraphID|L
g3|12 9 6 4 5 7 10 13 14 16
g3|23 22 18 15 13 10 7 5 4 0
g3|23 22 17 14 13 10 7 5 4 0
g3|12 9 11 8 5 7 10 13 14 16

#gn3NCCCCCCCCSO|GraphID|L
g3|12 9 6 4 5 7 10 13 14 16 19
g3|23 22 18 15 13 10 7 5 4 0 3
g3|23 22 18 15 13 10 7 5 4 0 2
g3|23 22 18 15 13 10 7 5 4 0 1
g3|23 22 17 14 13 10 7 5 4 0 3
g3|23 22 17 14 13 10 7 5 4 0 2
g3|23 22 17 14 13 10 7 5 4 0 1
g3|12 9 11 8 5 7 10 13 14 16 21
g3|12 9 11 8 5 7 10 13 14 16 20
g3|12 9 11 8 5 7 10 13 14 16 19
g3|12 9 6 4 5 7 10 13 14 16 21
g3|12 9 6 4 5 7 10 13 14 16 20

#gn3NCCCCCCCCC|GraphID|L
g3|12 9 6 4 5 7 10 13 14 17
g3|23 22 18 15 13 10 7 5 8 11
g3|23 22 18 15 13 10 7 5 4 6
g3|23 22 17 14 13 10 7 5 8 11
g3|23 22 17 14 13 10 7 5 4 6
g3|12 9 11 8 5 7 10 13 15 18
g3|12 9 11 8 5 7 10 13 14 17
g3|12 9 6 4 5 7 10 13 15 18

#gn3NCCCCCCCCCC|GraphID|L
g3|12 9 6 4 5 7 10 13 14 17 22
g3|23 22 18 15 13 10 7 5 8 11 9
g3|23 22 18 15 13 10 7 5 4 6 9
g3|23 22 17 14 13 10 7 5 8 11 9
g3|23 22 17 14 13 10 7 5 4 6 9
g3|12 9 11 8 5 7 10 13 15 18 22
g3|12 9 11 8 5 7 10 13 14 17 22
g3|12 9 6 4 5 7 10 13 15 18 22

#gn3NCCCCCCCCCH|GraphID|L
g3|12 9 6 4 5 7 10 13 14 17 33
g3|23 22 18 15 13 10 7 5 8 11 29
g3|23 22 18 15 13 10 7 5 4 6 25
g3|23 22 17 14 13 10 7 5 8 11 29
g3|23 22 17 14 13 10 7 5 4 6 25
g3|12 9 11 8 5 7 10 13 15 18 34
g3|12 9 11 8 5 7 10 13 14 17 33
g3|12 9 6 4 5 7 10 13 15 18 34

#gn3NCCCCCCCCH|GraphID|L
g3|12 9 6 4 5 7 10 13 15 32
g3|23 22 18 15 13 10 7 5 8 27
g3|23 22 17 14 13 10 7 5 8 27
g3|12 9 11 8 5 7 10 13 15 32

#gn3NCCCCCCH|GraphID|L
g3|12 9 6 4 5 7 10 28
g3|23 22 18 15 13 14 17 33
g3|23 22 18 15 13 10 7 26
g3|23 22 17 14 13 15 18 34
g3|23 22 17 14 13 10 7 26
g3|12 9 11 8 5 7 10 28
g3|12 9 11 8 5 4 6 25
g3|12 9 6 4 5 8 11 29

#gn3NCCCCCS|GraphID|L
g3|12 9 11 8 5 4 0
g3|23 22 18 15 13 14 16

#gn3NCCCCCSO|GraphID|L
g3|12 9 11 8 5 4 0 1
g3|23 22 18 15 13 14 16 21
g3|23 22 18 15 13 14 16 20
g3|23 22 18 15 13 14 16 19
g3|12 9 11 8 5 4 0 3
g3|12 9 11 8 5 4 0 2

#gn3NCCCCCSOH|GraphID|L
g3|12 9 11 8 5 4 0 3 24
g3|23 22 18 15 13 14 16 21 35

#gn3NCCCH|GraphID|L
g3|12 9 11 8 27
g3|23 22 18 15 32

#gn3H|GraphID|L
g3|24
g3|37
g3|36
g3|35
g3|34
g3|33
g3|32
g3|31
g3|30
g3|29
g3|28
g3|27
g3|26
g3|25

#gn3HO|GraphID|L
g3|24 3
g3|35 21

#gn3HOS|GraphID|L
g3|24 3 0
g3|35 21 16

#gn3HCCCCCSO|GraphID|L
g3|27 8 11 9 6 4 0 1
g3|32 15 18 22 17 14 16 21
g3|32 15 18 22 17 14 16 20
g3|32 15 18 22 17 14 16 19
g3|27 8 11 9 6 4 0 3
g3|27 8 11 9 6 4 0 2

#gn3HOSO|GraphID|L
g3|24 3 0 1
g3|35 21 16 20
g3|35 21 16 19
g3|24 3 0 2

#gn3HOSC|GraphID|L
g3|24 3 0 4
g3|35 21 16 14

#gn3HCCCNH|GraphID|L
g3|27 8 11 9 12 30
g3|32 15 18 22 23 37
g3|32 15 18 22 23 36
g3|27 8 11 9 12 31

#gn3HOSCC|GraphID|L
g3|24 3 0 4 5
g3|35 21 16 14 17
g3|35 21 16 14 13
g3|24 3 0 4 6

#gn3HOSCCC|GraphID|L
g3|24 3 0 4 5 7
g3|35 21 16 14 17 22
g3|35 21 16 14 13 15
g3|35 21 16 14 13 10
g3|24 3 0 4 6 9
g3|24 3 0 4 5 8

#gn3HOSCCCCC|GraphID|L
g3|24 3 0 4 5 7 10 13
g3|35 21 16 14 17 22 18 15
g3|35 21 16 14 13 15 18 22
g3|35 21 16 14 13 10 7 5
g3|24 3 0 4 6 9 11 8
g3|24 3 0 4 5 8 11 9

#gn3HOSCCCCCC|GraphID|L
g3|24 3 0 4 5 7 10 13 14
g3|35 21 16 14 17 22 18 15 13
g3|35 21 16 14 13 15 18 22 17
g3|35 21 16 14 13 10 7 5 8
g3|35 21 16 14 13 10 7 5 4
g3|24 3 0 4 6 9 11 8 5
g3|24 3 0 4 5 8 11 9 6
g3|24 3 0 4 5 7 10 13 15

#gn3HOSCCCCCCS|GraphID|L
g3|24 3 0 4 5 7 10 13 14 16
g3|35 21 16 14 13 10 7 5 4 0

#gn3HOSCCCCCCSO|GraphID|L
g3|24 3 0 4 5 7 10 13 14 16 19
g3|35 21 16 14 13 10 7 5 4 0 3
g3|35 21 16 14 13 10 7 5 4 0 2
g3|35 21 16 14 13 10 7 5 4 0 1
g3|24 3 0 4 5 7 10 13 14 16 21
g3|24 3 0 4 5 7 10 13 14 16 20

#gn3HOSCCCCCCC|GraphID|L
g3|24 3 0 4 5 7 10 13 14 17
g3|35 21 16 14 17 22 18 15 13 14
g3|35 21 16 14 17 22 18 15 13 10
g3|35 21 16 14 13 15 18 22 17 14
g3|35 21 16 14 13 10 7 5 8 11
g3|35 21 16 14 13 10 7 5 4 6
g3|24 3 0 4 6 9 11 8 5 7
g3|24 3 0 4 6 9 11 8 5 4
g3|24 3 0 4 5 8 11 9 6 4
g3|24 3 0 4 5 7 10 13 15 18

#gn3HOSCCCCCCCC|GraphID|L
g3|24 3 0 4 5 7 10 13 14 17 22
g3|35 21 16 14 17 22 18 15 13 10 7
g3|35 21 16 14 13 10 7 5 8 11 9
g3|35 21 16 14 13 10 7 5 4 6 9
g3|24 3 0 4 6 9 11 8 5 7 10
g3|24 3 0 4 5 7 10 13 15 18 22

#gn3HOSCCCCCCCH|GraphID|L
g3|24 3 0 4 5 7 10 13 14 17 33
g3|35 21 16 14 17 22 18 15 13 10 28
g3|35 21 16 14 13 10 7 5 8 11 29
g3|35 21 16 14 13 10 7 5 4 6 25
g3|24 3 0 4 6 9 11 8 5 7 26
g3|24 3 0 4 5 7 10 13 15 18 34

#gn3HOSCCCCCCH|GraphID|L
g3|24 3 0 4 5 7 10 13 15 32
g3|35 21 16 14 13 15 18 22 17 33
g3|35 21 16 14 13 10 7 5 8 27
g3|24 3 0 4 5 8 11 9 6 25

#gn3HOSCCCH|GraphID|L
g3|24 3 0 4 5 7 26
g3|35 21 16 14 13 15 32
g3|35 21 16 14 13 10 28
g3|24 3 0 4 5 8 27

#gn3HOSCCCCCN|GraphID|L
g3|24 3 0 4 5 8 11 9 12
g3|35 21 16 14 13 15 18 22 23

#gn3HOSCCCCCNH|GraphID|L
g3|24 3 0 4 5 8 11 9 12 30
g3|35 21 16 14 13 15 18 22 23 37
g3|35 21 16 14 13 15 18 22 23 36
g3|24 3 0 4 5 8 11 9 12 31

#gn3HC|GraphID|L
g3|25 6
g3|34 18
g3|33 17
g3|32 15
g3|29 11
g3|28 10
g3|27 8
g3|26 7

#gn3HOSCCCN|GraphID|L
g3|24 3 0 4 6 9 12
g3|35 21 16 14 17 22 23

#gn3HOSCCCNH|GraphID|L
g3|24 3 0 4 6 9 12 30
g3|35 21 16 14 17 22 23 37
g3|35 21 16 14 17 22 23 36
g3|24 3 0 4 6 9 12 31

#gn3HOSCCCCCH|GraphID|L
g3|24 3 0 4 6 9 11 8 27
g3|35 21 16 14 17 22 18 15 32

#gn3HOSCCH|GraphID|L
g3|24 3 0 4 6 25
g3|35 21 16 14 17 33

#gn3HCC|GraphID|L
g3|25 6 4
g3|34 18 22
g3|34 18 15
g3|33 17 22
g3|33 17 14
g3|32 15 18
g3|32 15 13
g3|29 11 9
g3|29 11 8
g3|28 10 13
g3|28 10 7
g3|27 8 11
g3|27 8 5
g3|26 7 10
g3|26 7 5
g3|25 6 9

#gn3HCCS|GraphID|L
g3|25 6 4 0
g3|33 17 14 16

#gn3HCCSO|GraphID|L
g3|25 6 4 0 1
g3|33 17 14 16 21
g3|33 17 14 16 20
g3|33 17 14 16 19
g3|25 6 4 0 3
g3|25 6 4 0 2

#gn3HCCSOH|GraphID|L
g3|25 6 4 0 3 24
g3|33 17 14 16 21 35

#gn3HCCCCSO|GraphID|L
g3|26 7 10 13 14 16 19
g3|34 18 22 17 14 16 21
g3|34 18 22 17 14 16 20
g3|34 18 22 17 14 16 19
g3|34 18 15 13 14 16 21
g3|34 18 15 13 14 16 20
g3|34 18 15 13 14 16 19
g3|29 11 9 6 4 0 3
g3|29 11 9 6 4 0 2
g3|29 11 9 6 4 0 1
g3|29 11 8 5 4 0 3
g3|29 11 8 5 4 0 2
g3|29 11 8 5 4 0 1
g3|28 10 7 5 4 0 3
g3|28 10 7 5 4 0 2
g3|28 10 7 5 4 0 1
g3|26 7 10 13 14 16 21
g3|26 7 10 13 14 16 20

#gn3HCCC|GraphID|L
g3|25 6 4 5
g3|34 18 22 17
g3|34 18 15 13
g3|33 17 22 18
g3|33 17 14 13
g3|32 15 18 22
g3|32 15 13 14
g3|32 15 13 10
g3|29 11 9 6
g3|29 11 8 5
g3|28 10 13 15
g3|28 10 13 14
g3|28 10 7 5
g3|27 8 11 9
g3|27 8 5 7
g3|27 8 5 4
g3|26 7 10 13
g3|26 7 5 8
g3|26 7 5 4
g3|25 6 9 11

#gn3HCCCC|GraphID|L
g3|25 6 4 5 7
g3|34 18 22 17 14
g3|34 18 15 13 14
g3|34 18 15 13 10
g3|33 17 22 18 15
g3|33 17 14 13 15
g3|33 17 14 13 10
g3|32 15 18 22 17
g3|32 15 13 14 17
g3|32 15 13 10 7
g3|29 11 9 6 4
g3|29 11 8 5 7
g3|29 11 8 5 4
g3|28 10 13 15 18
g3|28 10 13 14 17
g3|28 10 7 5 8
g3|28 10 7 5 4
g3|27 8 11 9 6
g3|27 8 5 7 10
g3|27 8 5 4 6
g3|26 7 10 13 15
g3|26 7 10 13 14
g3|26 7 5 8 11
g3|26 7 5 4 6
g3|25 6 9 11 8
g3|25 6 4 5 8

#gn3HNCCCCCS|GraphID|L
g3|30 12 9 11 8 5 4 0
g3|37 23 22 18 15 13 14 16
g3|36 23 22 18 15 13 14 16
g3|31 12 9 11 8 5 4 0

#gn3HCCCCCC|GraphID|L
g3|25 6 4 5 7 10 13
g3|34 18 22 17 14 13 15
g3|34 18 22 17 14 13 10
g3|34 18 15 13 14 17 22
g3|34 18 15 13 10 7 5
g3|33 17 22 18 15 13 14
g3|33 17 22 18 15 13 10
g3|33 17 14 13 15 18 22
g3|33 17 14 13 10 7 5
g3|32 15 18 22 17 14 13
g3|32 15 13 14 17 22 18
g3|32 15 13 10 7 5 8
g3|32 15 13 10 7 5 4
g3|29 11 9 6 4 5 8
g3|29 11 9 6 4 5 7
g3|29 11 8 5 7 10 13
g3|29 11 8 5 4 6 9
g3|28 10 13 15 18 22 17
g3|28 10 13 14 17 22 18
g3|28 10 7 5 8 11 9
g3|28 10 7 5 4 6 9
g3|27 8 11 9 6 4 5
g3|27 8 5 7 10 13 15
g3|27 8 5 7 10 13 14
g3|27 8 5 4 6 9 11
g3|26 7 10 13 15 18 22
g3|26 7 10 13 14 17 22
g3|26 7 5 8 11 9 6
g3|26 7 5 4 6 9 11
g3|25 6 9 11 8 5 7
g3|25 6 9 11 8 5 4
g3|25 6 4 5 8 11 9

#gn3HCCCCCCC|GraphID|L
g3|25 6 4 5 7 10 13 14
g3|34 18 22 17 14 13 15 18
g3|34 18 22 17 14 13 10 7
g3|34 18 15 13 14 17 22 18
g3|34 18 15 13 10 7 5 8
g3|34 18 15 13 10 7 5 4
g3|33 17 22 18 15 13 14 17
g3|33 17 22 18 15 13 10 7
g3|33 17 14 13 15 18 22 17
g3|33 17 14 13 10 7 5 8
g3|33 17 14 13 10 7 5 4
g3|32 15 18 22 17 14 13 15
g3|32 15 18 22 17 14 13 10
g3|32 15 13 14 17 22 18 15
g3|32 15 13 10 7 5 8 11
g3|32 15 13 10 7 5 4 6
g3|29 11 9 6 4 5 8 11
g3|29 11 9 6 4 5 7 10
g3|29 11 8 5 7 10 13 15
g3|29 11 8 5 7 10 13 14
g3|29 11 8 5 4 6 9 11
g3|28 10 13 15 18 22 17 14
g3|28 10 13 14 17 22 18 15
g3|28 10 7 5 8 11 9 6
g3|28 10 7 5 4 6 9 11
g3|27 8 11 9 6 4 5 8
g3|27 8 11 9 6 4 5 7
g3|27 8 5 7 10 13 15 18
g3|27 8 5 7 10 13 14 17
g3|27 8 5 4 6 9 11 8
g3|26 7 10 13 15 18 22 17
g3|26 7 10 13 14 17 22 18
g3|26 7 5 8 11 9 6 4
g3|26 7 5 4 6 9 11 8
g3|25 6 9 11 8 5 7 10
g3|25 6 9 11 8 5 4 6
g3|25 6 4 5 8 11 9 6
g3|25 6 4 5 7 10 13 15

#gn3HCCCCCCCS|GraphID|L
g3|25 6 4 5 7 10 13 14 16
g3|34 18 15 13 10 7 5 4 0
g3|33 17 14 13 10 7 5 4 0
g3|29 11 8 5 7 10 13 14 16
g3|28 10 13 15 18 22 17 14 16
g3|26 7 5 8 11 9 6 4 0

#gn3HCCCCCCCSO|GraphID|L
g3|25 6 4 5 7 10 13 14 16 19
g3|34 18 15 13 10 7 5 4 0 3
g3|34 18 15 13 10 7 5 4 0 2
g3|34 18 15 13 10 7 5 4 0 1
g3|33 17 14 13 10 7 5 4 0 3
g3|33 17 14 13 10 7 5 4 0 2
g3|33 17 14 13 10 7 5 4 0 1
g3|29 11 8 5 7 10 13 14 16 21
g3|29 11 8 5 7 10 13 14 16 20
g3|29 11 8 5 7 10 13 14 16 19
g3|28 10 13 15 18 22 17 14 16 21
g3|28 10 13 15 18 22 17 14 16 20
g3|28 10 13 15 18 22 17 14 16 19
g3|26 7 5 8 11 9 6 4 0 3
g3|26 7 5 8 11 9 6 4 0 2
g3|26 7 5 8 11 9 6 4 0 1
g3|25 6 4 5 7 10 13 14 16 21
g3|25 6 4 5 7 10 13 14 16 20

#gn3HCCCCCCCSOH|GraphID|L
g3|25 6 4 5 7 10 13 14 16 21 35
g3|34 18 15 13 10 7 5 4 0 3 24
g3|33 17 14 13 10 7 5 4 0 3 24
g3|29 11 8 5 7 10 13 14 16 21 35
g3|28 10 13 15 18 22 17 14 16 21 35
g3|26 7 5 8 11 9 6 4 0 3 24

#gn3HCCCCCCCC|GraphID|L
g3|25 6 4 5 7 10 13 14 17
g3|34 18 22 17 14 13 10 7 5
g3|34 18 15 13 10 7 5 8 11
g3|34 18 15 13 10 7 5 4 6
g3|33 17 22 18 15 13 10 7 5
g3|33 17 14 13 10 7 5 8 11
g3|33 17 14 13 10 7 5 4 6
g3|32 15 18 22 17 14 13 10 7
g3|32 15 13 10 7 5 8 11 9
g3|32 15 13 10 7 5 4 6 9
g3|29 11 9 6 4 5 7 10 13
g3|29 11 8 5 7 10 13 15 18
g3|29 11 8 5 7 10 13 14 17
g3|28 10 13 15 18 22 17 14 13
g3|28 10 13 14 17 22 18 15 13
g3|28 10 7 5 8 11 9 6 4
g3|28 10 7 5 4 6 9 11 8
g3|27 8 11 9 6 4 5 7 10
g3|27 8 5 7 10 13 15 18 22
g3|27 8 5 7 10 13 14 17 22
g3|26 7 10 13 15 18 22 17 14
g3|26 7 10 13 14 17 22 18 15
g3|26 7 5 8 11 9 6 4 5
g3|26 7 5 4 6 9 11 8 5
g3|25 6 9 11 8 5 7 10 13
g3|25 6 4 5 7 10 13 15 18

#gn3HCCCCCCCCC|GraphID|L
g3|25 6 4 5 7 10 13 14 17 22
g3|34 18 22 17 14 13 10 7 5 8
g3|34 18 22 17 14 13 10 7 5 4
g3|34 18 15 13 10 7 5 8 11 9
g3|34 18 15 13 10 7 5 4 6 9
g3|33 17 22 18 15 13 10 7 5 8
g3|33 17 22 18 15 13 10 7 5 4
g3|33 17 14 13 10 7 5 8 11 9
g3|33 17 14 13 10 7 5 4 6 9
g3|32 15 18 22 17 14 13 10 7 5
g3|32 15 13 10 7 5 8 11 9 6
g3|32 15 13 10 7 5 4 6 9 11
g3|29 11 9 6 4 5 7 10 13 15
g3|29 11 9 6 4 5 7 10 13 14
g3|29 11 8 5 7 10 13 15 18 22
g3|29 11 8 5 7 10 13 14 17 22
g3|28 10 7 5 8 11 9 6 4 5
g3|28 10 7 5 4 6 9 11 8 5
g3|27 8 11 9 6 4 5 7 10 13
g3|27 8 5 7 10 13 15 18 22 17
g3|27 8 5 7 10 13 14 17 22 18
g3|26 7 10 13 15 18 22 17 14 13
g3|26 7 10 13 14 17 22 18 15 13
g3|25 6 9 11 8 5 7 10 13 15
g3|25 6 9 11 8 5 7 10 13 14
g3|25 6 4 5 7 10 13 15 18 22

#gn3HCCCCCCCCCC|GraphID|L
g3|25 6 4 5 7 10 13 14 17 22 18
g3|34 18 22 17 14 13 10 7 5 8 11
g3|34 18 22 17 14 13 10 7 5 4 6
g3|34 18 15 13 10 7 5 8 11 9 6
g3|34 18 15 13 10 7 5 4 6 9 11
g3|33 17 22 18 15 13 10 7 5 8 11
g3|33 17 22 18 15 13 10 7 5 4 6
g3|33 17 14 13 10 7 5 8 11 9 6
g3|33 17 14 13 10 7 5 4 6 9 11
g3|32 15 18 22 17 14 13 10 7 5 8
g3|32 15 18 22 17 14 13 10 7 5 4
g3|32 15 13 10 7 5 8 11 9 6 4
g3|32 15 13 10 7 5 4 6 9 11 8
g3|29 11 9 6 4 5 7 10 13 15 18
g3|29 11 9 6 4 5 7 10 13 14 17
g3|29 11 8 5 7 10 13 15 18 22 17
g3|29 11 8 5 7 10 13 14 17 22 18
g3|27 8 11 9 6 4 5 7 10 13 15
g3|27 8 11 9 6 4 5 7 10 13 14
g3|27 8 5 7 10 13 15 18 22 17 14
g3|27 8 5 7 10 13 14 17 22 18 15
g3|25 6 9 11 8 5 7 10 13 15 18
g3|25 6 9 11 8 5 7 10 13 14 17
g3|25 6 4 5 7 10 13 15 18 22 17

#gn3HCCCCCCCCCN|GraphID|L
g3|25 6 4 5 7 10 13 14 17 22 23
g3|34 18 15 13 10 7 5 8 11 9 12
g3|34 18 15 13 10 7 5 4 6 9 12
g3|33 17 14 13 10 7 5 8 11 9 12
g3|33 17 14 13 10 7 5 4 6 9 12
g3|29 11 8 5 7 10 13 15 18 22 23
g3|29 11 8 5 7 10 13 14 17 22 23
g3|25 6 4 5 7 10 13 15 18 22 23

#gn3HCCCCCCCCH|GraphID|L
g3|25 6 4 5 7 10 13 14 17 33
g3|34 18 15 13 10 7 5 8 11 29
g3|34 18 15 13 10 7 5 4 6 25
g3|33 17 14 13 10 7 5 8 11 29
g3|33 17 14 13 10 7 5 4 6 25
g3|32 15 18 22 17 14 13 10 7 26
g3|29 11 8 5 7 10 13 15 18 34
g3|29 11 8 5 7 10 13 14 17 33
g3|28 10 7 5 4 6 9 11 8 27
g3|27 8 11 9 6 4 5 7 10 28
g3|26 7 10 13 14 17 22 18 15 32
g3|25 6 4 5 7 10 13 15 18 34

#gn3HCCCCCCCH|GraphID|L
g3|25 6 4 5 7 10 13 15 32
g3|34 18 22 17 14 13 10 7 26
g3|34 18 15 13 10 7 5 8 27
g3|33 17 22 18 15 13 10 7 26
g3|33 17 14 13 10 7 5 8 27
g3|32 15 18 22 17 14 13 10 28
g3|32 15 13 10 7 5 8 11 29
g3|32 15 13 10 7 5 4 6 25
g3|29 11 9 6 4 5 7 10 28
g3|29 11 8 5 7 10 13 15 32
g3|28 10 13 14 17 22 18 15 32
g3|28 10 7 5 8 11 9 6 25
g3|28 10 7 5 4 6 9 11 29
g3|27 8 11 9 6 4 5 7 26
g3|27 8 5 7 10 13 15 18 34
g3|27 8 5 7 10 13 14 17 33
g3|26 7 10 13 15 18 22 17 33
g3|26 7 10 13 14 17 22 18 34
g3|26 7 5 4 6 9 11 8 27
g3|25 6 9 11 8 5 7 10 28

#gn3HCCCCH|GraphID|L
g3|25 6 4 5 7 26
g3|34 18 15 13 10 28
g3|33 17 22 18 15 32
g3|33 17 14 13 15 32
g3|33 17 14 13 10 28
g3|32 15 18 22 17 33
g3|32 15 13 14 17 33
g3|32 15 13 10 7 26
g3|29 11 8 5 7 26
g3|28 10 13 15 18 34
g3|28 10 13 14 17 33
g3|28 10 7 5 8 27
g3|27 8 11 9 6 25
g3|27 8 5 7 10 28
g3|27 8 5 4 6 25
g3|26 7 10 13 15 32
g3|26 7 5 8 11 29
g3|26 7 5 4 6 25
g3|25 6 9 11 8 27
g3|25 6 4 5 8 27

#gn3HCCCCCCN|GraphID|L
g3|25 6 4 5 8 11 9 12
g3|34 18 15 13 14 17 22 23
g3|33 17 14 13 15 18 22 23
g3|29 11 8 5 4 6 9 12
g3|28 10 7 5 8 11 9 12
g3|28 10 7 5 4 6 9 12
g3|26 7 10 13 15 18 22 23
g3|26 7 10 13 14 17 22 23

#gn3HCCCCCCNH|GraphID|L
g3|25 6 4 5 8 11 9 12 30
g3|34 18 15 13 14 17 22 23 37
g3|34 18 15 13 14 17 22 23 36
g3|33 17 14 13 15 18 22 23 37
g3|33 17 14 13 15 18 22 23 36
g3|29 11 8 5 4 6 9 12 31
g3|29 11 8 5 4 6 9 12 30
g3|28 10 7 5 8 11 9 12 31
g3|28 10 7 5 8 11 9 12 30
g3|28 10 7 5 4 6 9 12 31
g3|28 10 7 5 4 6 9 12 30
g3|26 7 10 13 15 18 22 23 37
g3|26 7 10 13 15 18 22 23 36
g3|26 7 10 13 14 17 22 23 37
g3|26 7 10 13 14 17 22 23 36
g3|25 6 4 5 8 11 9 12 31

#gn3HCCN|GraphID|L
g3|25 6 9 12
g3|34 18 22 23
g3|33 17 22 23
g3|29 11 9 12

#gn3HCCNH|GraphID|L
g3|25 6 9 12 30
g3|34 18 22 23 37
g3|34 18 22 23 36
g3|33 17 22 23 37
g3|33 17 22 23 36
g3|29 11 9 12 31
g3|29 11 9 12 30
g3|25 6 9 12 31

#gn3HCCCCCCS|GraphID|L
g3|25 6 9 11 8 5 4 0
g3|33 17 22 18 15 13 14 16
g3|32 15 13 10 7 5 4 0
g3|27 8 5 7 10 13 14 16

#gn3HCCCCCCSO|GraphID|L
g3|25 6 9 11 8 5 4 0 1
g3|33 17 22 18 15 13 14 16 21
g3|33 17 22 18 15 13 14 16 20
g3|33 17 22 18 15 13 14 16 19
g3|32 15 13 10 7 5 4 0 3
g3|32 15 13 10 7 5 4 0 2
g3|32 15 13 10 7 5 4 0 1
g3|27 8 5 7 10 13 14 16 21
g3|27 8 5 7 10 13 14 16 20
g3|27 8 5 7 10 13 14 16 19
g3|25 6 9 11 8 5 4 0 3
g3|25 6 9 11 8 5 4 0 2

#gn3HCCCCCCCCCS|GraphID|L
g3|25 6 9 11 8 5 7 10 13 14 16
g3|34 18 22 17 14 13 10 7 5 4 0
g3|33 17 22 18 15 13 10 7 5 4 0
g3|29 11 9 6 4 5 7 10 13 14 16

#gn3HCCCCCCCCCH|GraphID|L
g3|25 6 9 11 8 5 7 10 13 15 32
g3|34 18 22 17 14 13 10 7 5 8 27
g3|33 17 22 18 15 13 10 7 5 8 27
g3|32 15 13 10 7 5 8 11 9 6 25
g3|32 15 13 10 7 5 4 6 9 11 29
g3|29 11 9 6 4 5 7 10 13 15 32
g3|27 8 5 7 10 13 15 18 22 17 33
g3|27 8 5 7 10 13 14 17 22 18 34

#gn3HCCCCCCH|GraphID|L
g3|25 6 9 11 8 5 7 26
g3|34 18 22 17 14 13 15 32
g3|34 18 22 17 14 13 10 28
g3|33 17 22 18 15 13 10 28
g3|32 15 13 14 17 22 18 34
g3|32 15 13 10 7 5 8 27
g3|29 11 9 6 4 5 8 27
g3|29 11 9 6 4 5 7 26
g3|28 10 13 15 18 22 17 33
g3|28 10 13 14 17 22 18 34
g3|27 8 5 7 10 13 15 32
g3|27 8 5 4 6 9 11 29
g3|26 7 5 8 11 9 6 25
g3|26 7 5 4 6 9 11 29

#gn3HCCCH|GraphID|L
g3|25 6 9 11 29
g3|34 18 22 17 33
g3|33 17 22 18 34
g3|32 15 13 10 28
g3|29 11 9 6 25
g3|28 10 13 15 32
g3|27 8 5 7 26
g3|26 7 5 8 27

#gn3HCCCS|GraphID|L
g3|26 7 5 4 0
g3|32 15 13 14 16
g3|28 10 13 14 16
g3|27 8 5 4 0

#gn3HCCCSO|GraphID|L
g3|26 7 5 4 0 1
g3|32 15 13 14 16 21
g3|32 15 13 14 16 20
g3|32 15 13 14 16 19
g3|28 10 13 14 16 21
g3|28 10 13 14 16 20
g3|28 10 13 14 16 19
g3|27 8 5 4 0 3
g3|27 8 5 4 0 2
g3|27 8 5 4 0 1
g3|26 7 5 4 0 3
g3|26 7 5 4 0 2

#gn3HNCCCCCC|GraphID|L
g3|30 12 9 6 4 5 7 10
g3|37 23 22 18 15 13 14 17
g3|37 23 22 18 15 13 10 7
g3|37 23 22 17 14 13 15 18
g3|37 23 22 17 14 13 10 7
g3|36 23 22 18 15 13 14 17
g3|36 23 22 18 15 13 10 7
g3|36 23 22 17 14 13 15 18
g3|36 23 22 17 14 13 10 7
g3|31 12 9 11 8 5 7 10
g3|31 12 9 11 8 5 4 6
g3|31 12 9 6 4 5 8 11
g3|31 12 9 6 4 5 7 10
g3|30 12 9 11 8 5 7 10
g3|30 12 9 11 8 5 4 6
g3|30 12 9 6 4 5 8 11

#gn3HCCCSOH|GraphID|L
g3|26 7 5 4 0 3 24
g3|32 15 13 14 16 21 35
g3|28 10 13 14 16 21 35
g3|27 8 5 4 0 3 24

#gn3HNCCCCCCH|GraphID|L
g3|30 12 9 6 4 5 7 10 28
g3|37 23 22 18 15 13 14 17 33
g3|37 23 22 18 15 13 10 7 26
g3|37 23 22 17 14 13 15 18 34
g3|37 23 22 17 14 13 10 7 26
g3|36 23 22 18 15 13 14 17 33
g3|36 23 22 18 15 13 10 7 26
g3|36 23 22 17 14 13 15 18 34
g3|36 23 22 17 14 13 10 7 26
g3|31 12 9 11 8 5 7 10 28
g3|31 12 9 11 8 5 4 6 25
g3|31 12 9 6 4 5 8 11 29
g3|31 12 9 6 4 5 7 10 28
g3|30 12 9 11 8 5 7 10 28
g3|30 12 9 11 8 5 4 6 25
g3|30 12 9 6 4 5 8 11 29

#gn3HCCCCCN|GraphID|L
g3|26 7 5 4 6 9 12
g3|32 15 13 14 17 22 23
g3|28 10 13 15 18 22 23
g3|28 10 13 14 17 22 23
g3|27 8 5 4 6 9 12
g3|26 7 5 8 11 9 12

#gn3HCCCCS|GraphID|L
g3|26 7 10 13 14 16
g3|34 18 22 17 14 16
g3|34 18 15 13 14 16
g3|29 11 9 6 4 0
g3|29 11 8 5 4 0
g3|28 10 7 5 4 0

#gn3HCCCCSOH|GraphID|L
g3|26 7 10 13 14 16 21 35
g3|34 18 22 17 14 16 21 35
g3|34 18 15 13 14 16 21 35
g3|29 11 9 6 4 0 3 24
g3|29 11 8 5 4 0 3 24
g3|28 10 7 5 4 0 3 24

#gn3HCCCCCCCCS|GraphID|L
g3|26 7 10 13 15 18 22 17 14 16
g3|28 10 7 5 8 11 9 6 4 0

#gn3HCCCCCCCCSO|GraphID|L
g3|26 7 10 13 15 18 22 17 14 16 19
g3|28 10 7 5 8 11 9 6 4 0 3
g3|28 10 7 5 8 11 9 6 4 0 2
g3|28 10 7 5 8 11 9 6 4 0 1
g3|26 7 10 13 15 18 22 17 14 16 21
g3|26 7 10 13 15 18 22 17 14 16 20

#gn3HCCH|GraphID|L
g3|26 7 10 28
g3|34 18 15 32
g3|32 15 18 34
g3|29 11 8 27
g3|28 10 7 26
g3|27 8 11 29

#gn3HCCCCCCCCN|GraphID|L
g3|27 8 5 7 10 13 14 17 22 23
g3|32 15 13 10 7 5 8 11 9 12
g3|32 15 13 10 7 5 4 6 9 12
g3|27 8 5 7 10 13 15 18 22 23

#gn3HCCCCCCCCNH|GraphID|L
g3|27 8 5 7 10 13 14 17 22 23 36
g3|32 15 13 10 7 5 8 11 9 12 31
g3|32 15 13 10 7 5 8 11 9 12 30
g3|32 15 13 10 7 5 4 6 9 12 31
g3|32 15 13 10 7 5 4 6 9 12 30
g3|27 8 5 7 10 13 15 18 22 23 37
g3|27 8 5 7 10 13 15 18 22 23 36
g3|27 8 5 7 10 13 14 17 22 23 37

#gn3HCCCCCS|GraphID|L
g3|27 8 11 9 6 4 0
g3|32 15 18 22 17 14 16

#gn3HCCCCCSOH|GraphID|L
g3|27 8 11 9 6 4 0 3 24
g3|32 15 18 22 17 14 16 21 35

#gn3HCCCN|GraphID|L
g3|27 8 11 9 12
g3|32 15 18 22 23

#gn3HN|GraphID|L
g3|30 12
g3|37 23
g3|36 23
g3|31 12

#gn3HNC|GraphID|L
g3|30 12 9
g3|37 23 22
g3|36 23 22
g3|31 12 9

#gn3HNCCC|GraphID|L
g3|30 12 9 6 4
g3|37 23 22 18 15
g3|37 23 22 17 14
g3|36 23 22 18 15
g3|36 23 22 17 14
g3|31 12 9 11 8
g3|31 12 9 6 4
g3|30 12 9 11 8

#gn3HNCCCS|GraphID|L
g3|30 12 9 6 4 0
g3|37 23 22 17 14 16
g3|36 23 22 17 14 16
g3|31 12 9 6 4 0

#gn3HNCCCSO|GraphID|L
g3|30 12 9 6 4 0 1
g3|37 23 22 17 14 16 21
g3|37 23 22 17 14 16 20
g3|37 23 22 17 14 16 19
g3|36 23 22 17 14 16 21
g3|36 23 22 17 14 16 20
g3|36 23 22 17 14 16 19
g3|31 12 9 6 4 0 3
g3|31 12 9 6 4 0 2
g3|31 12 9 6 4 0 1
g3|30 12 9 6 4 0 3
g3|30 12 9 6 4 0 2

#gn3HNCCCSOH|GraphID|L
g3|30 12 9 6 4 0 3 24
g3|37 23 22 17 14 16 21 35
g3|36 23 22 17 14 16 21 35
g3|31 12 9 6 4 0 3 24

#gn3HNCCCC|GraphID|L
g3|30 12 9 6 4 5
g3|37 23 22 18 15 13
g3|37 23 22 17 14 13
g3|36 23 22 18 15 13
g3|36 23 22 17 14 13
g3|31 12 9 11 8 5
g3|31 12 9 6 4 5
g3|30 12 9 11 8 5

#gn3HNCCCCC|GraphID|L
g3|30 12 9 6 4 5 7
g3|37 23 22 18 15 13 14
g3|37 23 22 18 15 13 10
g3|37 23 22 17 14 13 15
g3|37 23 22 17 14 13 10
g3|36 23 22 18 15 13 14
g3|36 23 22 18 15 13 10
g3|36 23 22 17 14 13 15
g3|36 23 22 17 14 13 10
g3|31 12 9 11 8 5 7
g3|31 12 9 11 8 5 4
g3|31 12 9 6 4 5 8
g3|31 12 9 6 4 5 7
g3|30 12 9 11 8 5 7
g3|30 12 9 11 8 5 4
g3|30 12 9 6 4 5 8

#gn3HNCCCCCCCCS|GraphID|L
g3|30 12 9 6 4 5 7 10 13 14 16
g3|37 23 22 18 15 13 10 7 5 4 0
g3|37 23 22 17 14 13 10 7 5 4 0
g3|36 23 22 18 15 13 10 7 5 4 0
g3|36 23 22 17 14 13 10 7 5 4 0
g3|31 12 9 11 8 5 7 10 13 14 16
g3|31 12 9 6 4 5 7 10 13 14 16
g3|30 12 9 11 8 5 7 10 13 14 16

#gn3HNCCCCCCCCC|GraphID|L
g3|30 12 9 6 4 5 7 10 13 14 17
g3|37 23 22 18 15 13 10 7 5 8 11
g3|37 23 22 18 15 13 10 7 5 4 6
g3|37 23 22 17 14 13 10 7 5 8 11
g3|37 23 22 17 14 13 10 7 5 4 6
g3|36 23 22 18 15 13 10 7 5 8 11
g3|36 23 22 18 15 13 10 7 5 4 6
g3|36 23 22 17 14 13 10 7 5 8 11
g3|36 23 22 17 14 13 10 7 5 4 6
g3|31 12 9 11 8 5 7 10 13 15 18
g3|31 12 9 11 8 5 7 10 13 14 17
g3|31 12 9 6 4 5 7 10 13 15 18
g3|31 12 9 6 4 5 7 10 13 14 17
g3|30 12 9 11 8 5 7 10 13 15 18
g3|30 12 9 11 8 5 7 10 13 14 17
g3|30 12 9 6 4 5 7 10 13 15 18

#gn3HNCCCCCCCCH|GraphID|L
g3|30 12 9 6 4 5 7 10 13 15 32
g3|37 23 22 18 15 13 10 7 5 8 27
g3|37 23 22 17 14 13 10 7 5 8 27
g3|36 23 22 18 15 13 10 7 5 8 27
g3|36 23 22 17 14 13 10 7 5 8 27
g3|31 12 9 11 8 5 7 10 13 15 32
g3|31 12 9 6 4 5 7 10 13 15 32
g3|30 12 9 11 8 5 7 10 13 15 32

#gn3HNCCCCCH|GraphID|L
g3|30 12 9 6 4 5 7 26
g3|37 23 22 18 15 13 10 28
g3|37 23 22 17 14 13 15 32
g3|37 23 22 17 14 13 10 28
g3|36 23 22 18 15 13 10 28
g3|36 23 22 17 14 13 15 32
g3|36 23 22 17 14 13 10 28
g3|31 12 9 11 8 5 7 26
g3|31 12 9 6 4 5 8 27
g3|31 12 9 6 4 5 7 26
g3|30 12 9 11 8 5 7 26
g3|30 12 9 6 4 5 8 27

#gn3HNCCH|GraphID|L
g3|30 12 9 6 25
g3|37 23 22 18 34
g3|37 23 22 17 33
g3|36 23 22 18 34
g3|36 23 22 17 33
g3|31 12 9 11 29
g3|31 12 9 6 25
g3|30 12 9 11 29

#gn3HNCCCCCSO|GraphID|L
g3|30 12 9 11 8 5 4 0 1
g3|37 23 22 18 15 13 14 16 21
g3|37 23 22 18 15 13 14 16 20
g3|37 23 22 18 15 13 14 16 19
g3|36 23 22 18 15 13 14 16 21
g3|36 23 22 18 15 13 14 16 20
g3|36 23 22 18 15 13 14 16 19
g3|31 12 9 11 8 5 4 0 3
g3|31 12 9 11 8 5 4 0 2
g3|31 12 9 11 8 5 4 0 1
g3|30 12 9 11 8 5 4 0 3
g3|30 12 9 11 8 5 4 0 2

#gn3HNCCCCCSOH|GraphID|L
g3|30 12 9 11 8 5 4 0 3 24
g3|37 23 22 18 15 13 14 16 21 35
g3|36 23 22 18 15 13 14 16 21 35
g3|31 12 9 11 8 5 4 0 3 24

#gn3HNCCCH|GraphID|L
g3|30 12 9 11 8 27
g3|37 23 22 18 15 32
g3|36 23 22 18 15 32
g3|31 12 9 11 8 27

#gn3HNH|GraphID|L
g3|30 12 31
g3|37 23 36
g3|36 23 37
g3|31 12 30