

#gn5N|GraphID|L
g5|0

#gn5HNCCCCl|GraphID|L
g5|16 0 2 6 10 14

#gn5NP|GraphID|L
g5|0 1

#gn5NPO|GraphID|L
g5|0 1 3
g5|0 1 5
g5|0 1 4

#gn5NPOC|GraphID|L
g5|0 1 3 8
g5|0 1 4 9

#gn5NPOCC|GraphID|L
g5|0 1 3 8 12
g5|0 1 4 9 13

#gn5NH|GraphID|L
g5|0 16

#gn5O|GraphID|L
g5|3
g5|5
g5|4

#gn5CCCCCNP|GraphID|L
g5|10 15 11 7 2 0 1
g5|11 15 10 6 2 0 1

#gn5NPOCCH|GraphID|L
g5|0 1 3 8 12 24
g5|0 1 4 9 13 29
g5|0 1 4 9 13 28
g5|0 1 4 9 13 27
g5|0 1 3 8 12 26
g5|0 1 3 8 12 25

#gn5NPOCH|GraphID|L
g5|0 1 3 8 19
g5|0 1 4 9 22
g5|0 1 4 9 21
g5|0 1 3 8 20

#gn5NC|GraphID|L
g5|0 2

#gn5NCC|GraphID|L
g5|0 2 6
g5|0 2 7

#gn5NCCC|GraphID|L
g5|0 2 6 10
g5|0 2 7 11

#gn5NCCCCl|GraphID|L
g5|0 2 6 10 14

#gn5HNPOC|GraphID|L
g5|16 0 1 3 8
g5|16 0 1 4 9

#gn5NCCCC|GraphID|L
g5|0 2 6 10 15
g5|0 2 7 11 15

#gn5NCCCCC|GraphID|L
g5|0 2 6 10 15 11
g5|0 2 7 11 15 10

#gn5NCCCCCC|GraphID|L
g5|0 2 6 10 15 11 7
g5|0 2 7 11 15 10 6

#gn5NCCCCCCC|GraphID|L
g5|0 2 6 10 15 11 7 2
g5|0 2 7 11 15 10 6 2

#gn5HCCCCCH|GraphID|L
g5|17 6 2 7 11 15 30
g5|30 15 11 7 2 6 17
g5|30 15 10 6 2 7 18
g5|18 7 11 15 10 6 17
g5|18 7 2 6 10 15 30
g5|17 6 10 15 11 7 18

#gn5NCCCCCCH|GraphID|L
g5|0 2 6 10 15 11 7 18
g5|0 2 7 11 15 10 6 17

#gn5NCCCCCH|GraphID|L
g5|0 2 6 10 15 11 23

#gn5NCCCCH|GraphID|L
g5|0 2 6 10 15 30
g5|0 2 7 11 15 30

#gn5NCCH|GraphID|L
g5|0 2 6 17
g5|0 2 7 18

#gn5NCCCCCCl|GraphID|L
g5|0 2 7 11 15 10 14

#gn5NCCCH|GraphID|L
g5|0 2 7 11 23

#gn5P|GraphID|L
g5|1

#gn5PN|GraphID|L
g5|1 0

#gn5PNC|GraphID|L
g5|1 0 2

#gn5OPNCCCCH|GraphID|L
g5|3 1 0 2 6 10 15 30
g5|5 1 0 2 7 11 15 30
g5|5 1 0 2 6 10 15 30
g5|4 1 0 2 7 11 15 30
g5|4 1 0 2 6 10 15 30
g5|3 1 0 2 7 11 15 30

#gn5PNCC|GraphID|L
g5|1 0 2 6
g5|1 0 2 7

#gn5HCCNPO|GraphID|L
g5|17 6 2 0 1 3
g5|18 7 2 0 1 5
g5|18 7 2 0 1 4
g5|18 7 2 0 1 3
g5|17 6 2 0 1 5
g5|17 6 2 0 1 4

#gn5PNCCC|GraphID|L
g5|1 0 2 6 10
g5|1 0 2 7 11

#gn5HCCNPOC|GraphID|L
g5|17 6 2 0 1 3 8
g5|18 7 2 0 1 4 9
g5|18 7 2 0 1 3 8
g5|17 6 2 0 1 4 9

#gn5PNCCCCl|GraphID|L
g5|1 0 2 6 10 14

#gn5HNCCCH|GraphID|L
g5|16 0 2 7 11 23

#gn5PNCCCC|GraphID|L
g5|1 0 2 6 10 15
g5|1 0 2 7 11 15

#gn5HCCNPOCC|GraphID|L
g5|17 6 2 0 1 3 8 12
g5|18 7 2 0 1 4 9 13
g5|18 7 2 0 1 3 8 12
g5|17 6 2 0 1 4 9 13

#gn5PNCCCCC|GraphID|L
g5|1 0 2 6 10 15 11
g5|1 0 2 7 11 15 10

#gn5PNCCCCCC|GraphID|L
g5|1 0 2 6 10 15 11 7
g5|1 0 2 7 11 15 10 6

#gn5ClCCCCCN|GraphID|L
g5|14 10 15 11 7 2 0

#gn5PNCCCCCCC|GraphID|L
g5|1 0 2 6 10 15 11 7 2
g5|1 0 2 7 11 15 10 6 2

#gn5PNCCCCCCH|GraphID|L
g5|1 0 2 6 10 15 11 7 18
g5|1 0 2 7 11 15 10 6 17

#gn5ClCCCCCNH|GraphID|L
g5|14 10 15 11 7 2 0 16

#gn5PNCCCCCH|GraphID|L
g5|1 0 2 6 10 15 11 23

#gn5PNCCCCH|GraphID|L
g5|1 0 2 6 10 15 30
g5|1 0 2 7 11 15 30

#gn5HCCNPOCCH|GraphID|L
g5|17 6 2 0 1 3 8 12 24
g5|18 7 2 0 1 4 9 13 29
g5|18 7 2 0 1 4 9 13 28
g5|18 7 2 0 1 4 9 13 27
g5|18 7 2 0 1 3 8 12 26
g5|18 7 2 0 1 3 8 12 25
g5|18 7 2 0 1 3 8 12 24
g5|17 6 2 0 1 4 9 13 29
g5|17 6 2 0 1 4 9 13 28
g5|17 6 2 0 1 4 9 13 27
g5|17 6 2 0 1 3 8 12 26
g5|17 6 2 0 1 3 8 12 25

#gn5PNCCH|GraphID|L
g5|1 0 2 6 17
g5|1 0 2 7 18

#gn5PNCCCCCCl|GraphID|L
g5|1 0 2 7 11 15 10 14

#gn5HCCCCNH|GraphID|L
g5|30 15 10 6 2 0 16
g5|30 15 11 7 2 0 16

#gn5PNCCCH|GraphID|L
g5|1 0 2 7 11 23

#gn5HCCNPOCH|GraphID|L
g5|17 6 2 0 1 3 8 19
g5|18 7 2 0 1 4 9 22
g5|18 7 2 0 1 4 9 21
g5|18 7 2 0 1 3 8 20
g5|18 7 2 0 1 3 8 19
g5|17 6 2 0 1 4 9 22
g5|17 6 2 0 1 4 9 21
g5|17 6 2 0 1 3 8 20

#gn5PNH|GraphID|L
g5|1 0 16

#gn5PO|GraphID|L
g5|1 3
g5|1 5
g5|1 4

#gn5POC|GraphID|L
g5|1 3 8
g5|1 4 9

#gn5HCCOPOCCH|GraphID|L
g5|24 12 8 3 1 4 9 13 27
g5|29 13 9 4 1 3 8 12 26
g5|29 13 9 4 1 3 8 12 25
g5|29 13 9 4 1 3 8 12 24
g5|28 13 9 4 1 3 8 12 26
g5|28 13 9 4 1 3 8 12 25
g5|28 13 9 4 1 3 8 12 24
g5|27 13 9 4 1 3 8 12 26
g5|27 13 9 4 1 3 8 12 25
g5|27 13 9 4 1 3 8 12 24
g5|26 12 8 3 1 4 9 13 29
g5|26 12 8 3 1 4 9 13 28
g5|26 12 8 3 1 4 9 13 27
g5|25 12 8 3 1 4 9 13 29
g5|25 12 8 3 1 4 9 13 28
g5|25 12 8 3 1 4 9 13 27
g5|24 12 8 3 1 4 9 13 29
g5|24 12 8 3 1 4 9 13 28

#gn5POCC|GraphID|L
g5|1 3 8 12
g5|1 4 9 13

#gn5HCCOPO|GraphID|L
g5|24 12 8 3 1 4
g5|29 13 9 4 1 5
g5|29 13 9 4 1 3
g5|28 13 9 4 1 5
g5|28 13 9 4 1 3
g5|27 13 9 4 1 5
g5|27 13 9 4 1 3
g5|26 12 8 3 1 5
g5|26 12 8 3 1 4
g5|25 12 8 3 1 5
g5|25 12 8 3 1 4
g5|24 12 8 3 1 5

#gn5POCCH|GraphID|L
g5|1 3 8 12 24
g5|1 4 9 13 29
g5|1 4 9 13 28
g5|1 4 9 13 27
g5|1 3 8 12 26
g5|1 3 8 12 25

#gn5POCH|GraphID|L
g5|1 3 8 19
g5|1 4 9 22
g5|1 4 9 21
g5|1 3 8 20

#gn5C|GraphID|L
g5|2
g5|15
g5|13
g5|12
g5|11
g5|10
g5|9
g5|8
g5|7
g5|6

#gn5CCOPNCC|GraphID|L
g5|12 8 3 1 0 2 6
g5|13 9 4 1 0 2 7
g5|13 9 4 1 0 2 6
g5|12 8 3 1 0 2 7

#gn5CN|GraphID|L
g5|2 0

#gn5CNP|GraphID|L
g5|2 0 1

#gn5CNPO|GraphID|L
g5|2 0 1 3
g5|2 0 1 5
g5|2 0 1 4

#gn5CNPOC|GraphID|L
g5|2 0 1 3 8
g5|2 0 1 4 9

#gn5CNPOCC|GraphID|L
g5|2 0 1 3 8 12
g5|2 0 1 4 9 13

#gn5CNPOCCH|GraphID|L
g5|2 0 1 3 8 12 24
g5|2 0 1 4 9 13 29
g5|2 0 1 4 9 13 28
g5|2 0 1 4 9 13 27
g5|2 0 1 3 8 12 26
g5|2 0 1 3 8 12 25

#gn5OPNCCCCCCl|GraphID|L
g5|3 1 0 2 7 11 15 10 14
g5|5 1 0 2 7 11 15 10 14
g5|4 1 0 2 7 11 15 10 14

#gn5CNPOCH|GraphID|L
g5|2 0 1 3 8 19
g5|2 0 1 4 9 22
g5|2 0 1 4 9 21
g5|2 0 1 3 8 20

#gn5CNH|GraphID|L
g5|2 0 16

#gn5CC|GraphID|L
g5|2 6
g5|15 11
g5|15 10
g5|13 9
g5|12 8
g5|11 15
g5|11 7
g5|10 15
g5|10 6
g5|9 13
g5|8 12
g5|7 11
g5|7 2
g5|6 10
g5|6 2
g5|2 7

#gn5CCOPNCCC|GraphID|L
g5|12 8 3 1 0 2 6 10
g5|13 9 4 1 0 2 7 11
g5|13 9 4 1 0 2 6 10
g5|12 8 3 1 0 2 7 11

#gn5CCC|GraphID|L
g5|2 6 10
g5|15 11 7
g5|15 10 6
g5|11 15 10
g5|11 7 2
g5|10 15 11
g5|10 6 2
g5|7 11 15
g5|7 2 6
g5|6 10 15
g5|6 2 7
g5|2 7 11

#gn5CCOPNCCCC|GraphID|L
g5|12 8 3 1 0 2 6 10 15
g5|13 9 4 1 0 2 7 11 15
g5|13 9 4 1 0 2 6 10 15
g5|12 8 3 1 0 2 7 11 15

#gn5HCCCCCNH|GraphID|L
g5|23 11 15 10 6 2 0 16

#gn5CCCCl|GraphID|L
g5|2 6 10 14
g5|11 15 10 14

#gn5CCCC|GraphID|L
g5|2 6 10 15
g5|15 11 7 2
g5|15 10 6 2
g5|11 15 10 6
g5|11 7 2 6
g5|10 15 11 7
g5|10 6 2 7
g5|7 11 15 10
g5|7 2 6 10
g5|6 10 15 11
g5|6 2 7 11
g5|2 7 11 15

#gn5CCCCCCCN|GraphID|L
g5|2 6 10 15 11 7 2 0
g5|2 7 11 15 10 6 2 0

#gn5CCOPNCCCCC|GraphID|L
g5|12 8 3 1 0 2 6 10 15 11
g5|13 9 4 1 0 2 7 11 15 10
g5|13 9 4 1 0 2 6 10 15 11
g5|12 8 3 1 0 2 7 11 15 10

#gn5CCCCC|GraphID|L
g5|2 6 10 15 11
g5|15 11 7 2 6
g5|15 10 6 2 7
g5|11 15 10 6 2
g5|11 7 2 6 10
g5|10 15 11 7 2
g5|10 6 2 7 11
g5|7 11 15 10 6
g5|7 2 6 10 15
g5|6 10 15 11 7
g5|6 2 7 11 15
g5|2 7 11 15 10

#gn5CCOPNCCCCCC|GraphID|L
g5|12 8 3 1 0 2 6 10 15 11 7
g5|13 9 4 1 0 2 7 11 15 10 6
g5|13 9 4 1 0 2 6 10 15 11 7
g5|12 8 3 1 0 2 7 11 15 10 6

#gn5CCCCCC|GraphID|L
g5|2 6 10 15 11 7
g5|15 11 7 2 6 10
g5|15 10 6 2 7 11
g5|11 15 10 6 2 7
g5|11 7 2 6 10 15
g5|10 15 11 7 2 6
g5|10 6 2 7 11 15
g5|7 11 15 10 6 2
g5|7 2 6 10 15 11
g5|6 10 15 11 7 2
g5|6 2 7 11 15 10
g5|2 7 11 15 10 6

#gn5CCCCCCC|GraphID|L
g5|2 6 10 15 11 7 2
g5|15 11 7 2 6 10 15
g5|15 10 6 2 7 11 15
g5|11 15 10 6 2 7 11
g5|11 7 2 6 10 15 11
g5|10 15 11 7 2 6 10
g5|10 6 2 7 11 15 10
g5|7 11 15 10 6 2 7
g5|7 2 6 10 15 11 7
g5|6 10 15 11 7 2 6
g5|6 2 7 11 15 10 6
g5|2 7 11 15 10 6 2

#gn5ClCCCH|GraphID|L
g5|14 10 15 11 23

#gn5CCCCCCCNP|GraphID|L
g5|2 6 10 15 11 7 2 0 1
g5|2 7 11 15 10 6 2 0 1

#gn5CCCCCCCNPO|GraphID|L
g5|2 6 10 15 11 7 2 0 1 3
g5|2 7 11 15 10 6 2 0 1 5
g5|2 7 11 15 10 6 2 0 1 4
g5|2 7 11 15 10 6 2 0 1 3
g5|2 6 10 15 11 7 2 0 1 5
g5|2 6 10 15 11 7 2 0 1 4

#gn5CCCCCCCNPOC|GraphID|L
g5|2 6 10 15 11 7 2 0 1 3 8
g5|2 7 11 15 10 6 2 0 1 4 9
g5|2 7 11 15 10 6 2 0 1 3 8
g5|2 6 10 15 11 7 2 0 1 4 9

#gn5CCCCCCCNH|GraphID|L
g5|2 6 10 15 11 7 2 0 16
g5|2 7 11 15 10 6 2 0 16

#gn5CCCCH|GraphID|L
g5|2 6 10 15 30
g5|11 15 10 6 17
g5|11 7 2 6 17
g5|10 15 11 7 18
g5|10 6 2 7 18
g5|6 10 15 11 23
g5|6 2 7 11 23
g5|2 7 11 15 30

#gn5CCOPNCCCCCH|GraphID|L
g5|12 8 3 1 0 2 6 10 15 11 23
g5|13 9 4 1 0 2 6 10 15 11 23

#gn5CCCCCCH|GraphID|L
g5|2 6 10 15 11 7 18
g5|15 10 6 2 7 11 23
g5|11 15 10 6 2 7 18
g5|11 7 2 6 10 15 30
g5|10 15 11 7 2 6 17
g5|10 6 2 7 11 15 30
g5|7 2 6 10 15 11 23
g5|2 7 11 15 10 6 17

#gn5CCCCCH|GraphID|L
g5|2 6 10 15 11 23
g5|15 11 7 2 6 17
g5|15 10 6 2 7 18
g5|10 6 2 7 11 23
g5|7 11 15 10 6 17
g5|7 2 6 10 15 30
g5|6 10 15 11 7 18
g5|6 2 7 11 15 30

#gn5CCH|GraphID|L
g5|2 6 17
g5|15 11 23
g5|13 9 22
g5|13 9 21
g5|12 8 20
g5|12 8 19
g5|11 15 30
g5|11 7 18
g5|10 15 30
g5|10 6 17
g5|9 13 29
g5|9 13 28
g5|9 13 27
g5|8 12 26
g5|8 12 25
g5|8 12 24
g5|7 11 23
g5|2 7 18

#gn5CCOPNCCCH|GraphID|L
g5|12 8 3 1 0 2 7 11 23
g5|13 9 4 1 0 2 7 11 23

#gn5CCCCCCl|GraphID|L
g5|2 7 11 15 10 14
g5|11 7 2 6 10 14

#gn5CCCH|GraphID|L
g5|2 7 11 23
g5|15 11 7 18
g5|15 10 6 17
g5|10 15 11 23
g5|7 11 15 30
g5|7 2 6 17
g5|6 10 15 30
g5|6 2 7 18

#gn5CCOPNCCCCH|GraphID|L
g5|12 8 3 1 0 2 6 10 15 30
g5|13 9 4 1 0 2 7 11 15 30
g5|13 9 4 1 0 2 6 10 15 30
g5|12 8 3 1 0 2 7 11 15 30

#gn5OP|GraphID|L
g5|3 1
g5|5 1
g5|4 1

#gn5OPN|GraphID|L
g5|3 1 0
g5|5 1 0
g5|4 1 0

#gn5OPNC|GraphID|L
g5|3 1 0 2
g5|5 1 0 2
g5|4 1 0 2

#gn5OPNCC|GraphID|L
g5|3 1 0 2 6
g5|5 1 0 2 7
g5|5 1 0 2 6
g5|4 1 0 2 7
g5|4 1 0 2 6
g5|3 1 0 2 7

#gn5OPNCCC|GraphID|L
g5|3 1 0 2 6 10
g5|5 1 0 2 7 11
g5|5 1 0 2 6 10
g5|4 1 0 2 7 11
g5|4 1 0 2 6 10
g5|3 1 0 2 7 11

#gn5OPNCCCCl|GraphID|L
g5|3 1 0 2 6 10 14
g5|5 1 0 2 6 10 14
g5|4 1 0 2 6 10 14

#gn5OPNCCCC|GraphID|L
g5|3 1 0 2 6 10 15
g5|5 1 0 2 7 11 15
g5|5 1 0 2 6 10 15
g5|4 1 0 2 7 11 15
g5|4 1 0 2 6 10 15
g5|3 1 0 2 7 11 15

#gn5OPNCCCCC|GraphID|L
g5|3 1 0 2 6 10 15 11
g5|5 1 0 2 7 11 15 10
g5|5 1 0 2 6 10 15 11
g5|4 1 0 2 7 11 15 10
g5|4 1 0 2 6 10 15 11
g5|3 1 0 2 7 11 15 10

#gn5HCCOPOCH|GraphID|L
g5|24 12 8 3 1 4 9 21
g5|29 13 9 4 1 3 8 20
g5|29 13 9 4 1 3 8 19
g5|28 13 9 4 1 3 8 20
g5|28 13 9 4 1 3 8 19
g5|27 13 9 4 1 3 8 20
g5|27 13 9 4 1 3 8 19
g5|26 12 8 3 1 4 9 22
g5|26 12 8 3 1 4 9 21
g5|25 12 8 3 1 4 9 22
g5|25 12 8 3 1 4 9 21
g5|24 12 8 3 1 4 9 22

#gn5OPNCCCCCC|GraphID|L
g5|3 1 0 2 6 10 15 11 7
g5|5 1 0 2 7 11 15 10 6
g5|5 1 0 2 6 10 15 11 7
g5|4 1 0 2 7 11 15 10 6
g5|4 1 0 2 6 10 15 11 7
g5|3 1 0 2 7 11 15 10 6

#gn5OPNCCCCCCC|GraphID|L
g5|3 1 0 2 6 10 15 11 7 2
g5|5 1 0 2 7 11 15 10 6 2
g5|5 1 0 2 6 10 15 11 7 2
g5|4 1 0 2 7 11 15 10 6 2
g5|4 1 0 2 6 10 15 11 7 2
g5|3 1 0 2 7 11 15 10 6 2

#gn5OPNCCCCCCH|GraphID|L
g5|3 1 0 2 6 10 15 11 7 18
g5|5 1 0 2 7 11 15 10 6 17
g5|5 1 0 2 6 10 15 11 7 18
g5|4 1 0 2 7 11 15 10 6 17
g5|4 1 0 2 6 10 15 11 7 18
g5|3 1 0 2 7 11 15 10 6 17

#gn5HCOPOC|GraphID|L
g5|19 8 3 1 4 9
g5|22 9 4 1 3 8
g5|21 9 4 1 3 8
g5|20 8 3 1 4 9

#gn5OPNCCCCCH|GraphID|L
g5|3 1 0 2 6 10 15 11 23
g5|5 1 0 2 6 10 15 11 23
g5|4 1 0 2 6 10 15 11 23

#gn5OPNCCH|GraphID|L
g5|3 1 0 2 6 17
g5|5 1 0 2 7 18
g5|5 1 0 2 6 17
g5|4 1 0 2 7 18
g5|4 1 0 2 6 17
g5|3 1 0 2 7 18

#gn5HCCCCNPO|GraphID|L
g5|30 15 10 6 2 0 1 3
g5|30 15 11 7 2 0 1 5
g5|30 15 11 7 2 0 1 4
g5|30 15 11 7 2 0 1 3
g5|30 15 10 6 2 0 1 5
g5|30 15 10 6 2 0 1 4

#gn5OPNCCCH|GraphID|L
g5|3 1 0 2 7 11 23
g5|5 1 0 2 7 11 23
g5|4 1 0 2 7 11 23

#gn5OPNH|GraphID|L
g5|3 1 0 16
g5|5 1 0 16
g5|4 1 0 16

#gn5OPO|GraphID|L
g5|3 1 4
g5|5 1 4
g5|5 1 3
g5|4 1 5
g5|4 1 3
g5|3 1 5

#gn5OPOC|GraphID|L
g5|3 1 4 9
g5|5 1 4 9
g5|5 1 3 8
g5|4 1 3 8

#gn5OPOCC|GraphID|L
g5|3 1 4 9 13
g5|5 1 4 9 13
g5|5 1 3 8 12
g5|4 1 3 8 12

#gn5OPOCCH|GraphID|L
g5|3 1 4 9 13 27
g5|5 1 4 9 13 29
g5|5 1 4 9 13 28
g5|5 1 4 9 13 27
g5|5 1 3 8 12 26
g5|5 1 3 8 12 25
g5|5 1 3 8 12 24
g5|4 1 3 8 12 26
g5|4 1 3 8 12 25
g5|4 1 3 8 12 24
g5|3 1 4 9 13 29
g5|3 1 4 9 13 28

#gn5OPOCH|GraphID|L
g5|3 1 4 9 21
g5|5 1 4 9 22
g5|5 1 4 9 21
g5|5 1 3 8 20
g5|5 1 3 8 19
g5|4 1 3 8 20
g5|4 1 3 8 19
g5|3 1 4 9 22

#gn5HCOPNCCCCC|GraphID|L
g5|19 8 3 1 0 2 6 10 15 11
g5|22 9 4 1 0 2 7 11 15 10
g5|22 9 4 1 0 2 6 10 15 11
g5|21 9 4 1 0 2 7 11 15 10
g5|21 9 4 1 0 2 6 10 15 11
g5|20 8 3 1 0 2 7 11 15 10
g5|20 8 3 1 0 2 6 10 15 11
g5|19 8 3 1 0 2 7 11 15 10

#gn5OC|GraphID|L
g5|3 8
g5|4 9

#gn5OCC|GraphID|L
g5|3 8 12
g5|4 9 13

#gn5HCCCCCCN|GraphID|L
g5|17 6 10 15 11 7 2 0
g5|18 7 11 15 10 6 2 0

#gn5OCCH|GraphID|L
g5|3 8 12 24
g5|4 9 13 29
g5|4 9 13 28
g5|4 9 13 27
g5|3 8 12 26
g5|3 8 12 25

#gn5HCCCCCCNH|GraphID|L
g5|17 6 10 15 11 7 2 0 16
g5|18 7 11 15 10 6 2 0 16

#gn5OCH|GraphID|L
g5|3 8 19
g5|4 9 22
g5|4 9 21
g5|3 8 20

#gn5CCN|GraphID|L
g5|6 2 0
g5|7 2 0

#gn5CCNP|GraphID|L
g5|6 2 0 1
g5|7 2 0 1

#gn5CCNPO|GraphID|L
g5|6 2 0 1 3
g5|7 2 0 1 5
g5|7 2 0 1 4
g5|7 2 0 1 3
g5|6 2 0 1 5
g5|6 2 0 1 4

#gn5CCNPOC|GraphID|L
g5|6 2 0 1 3 8
g5|7 2 0 1 4 9
g5|7 2 0 1 3 8
g5|6 2 0 1 4 9

#gn5CCNPOCC|GraphID|L
g5|6 2 0 1 3 8 12
g5|7 2 0 1 4 9 13
g5|7 2 0 1 3 8 12
g5|6 2 0 1 4 9 13

#gn5CCNPOCCH|GraphID|L
g5|6 2 0 1 3 8 12 24
g5|7 2 0 1 4 9 13 29
g5|7 2 0 1 4 9 13 28
g5|7 2 0 1 4 9 13 27
g5|7 2 0 1 3 8 12 26
g5|7 2 0 1 3 8 12 25
g5|7 2 0 1 3 8 12 24
g5|6 2 0 1 4 9 13 29
g5|6 2 0 1 4 9 13 28
g5|6 2 0 1 4 9 13 27
g5|6 2 0 1 3 8 12 26
g5|6 2 0 1 3 8 12 25

#gn5CCNPOCH|GraphID|L
g5|6 2 0 1 3 8 19
g5|7 2 0 1 4 9 22
g5|7 2 0 1 4 9 21
g5|7 2 0 1 3 8 20
g5|7 2 0 1 3 8 19
g5|6 2 0 1 4 9 22
g5|6 2 0 1 4 9 21
g5|6 2 0 1 3 8 20

#gn5COPNCCCC|GraphID|L
g5|8 3 1 0 2 6 10 15
g5|9 4 1 0 2 7 11 15
g5|9 4 1 0 2 6 10 15
g5|8 3 1 0 2 7 11 15

#gn5CCNH|GraphID|L
g5|6 2 0 16
g5|7 2 0 16

#gn5CCCCCCCH|GraphID|L
g5|6 2 7 11 15 10 6 17
g5|15 11 7 2 6 10 15 30
g5|15 10 6 2 7 11 15 30
g5|11 15 10 6 2 7 11 23
g5|11 7 2 6 10 15 11 23
g5|7 11 15 10 6 2 7 18
g5|7 2 6 10 15 11 7 18
g5|6 10 15 11 7 2 6 17

#gn5CCCCCCCl|GraphID|L
g5|6 2 7 11 15 10 14
g5|15 11 7 2 6 10 14

#gn5CCCl|GraphID|L
g5|6 10 14
g5|15 10 14

#gn5CCOPNCCCCl|GraphID|L
g5|12 8 3 1 0 2 6 10 14
g5|13 9 4 1 0 2 6 10 14

#gn5CCCCCCN|GraphID|L
g5|6 10 15 11 7 2 0
g5|7 11 15 10 6 2 0

#gn5CCCCCCNP|GraphID|L
g5|6 10 15 11 7 2 0 1
g5|7 11 15 10 6 2 0 1

#gn5CCCCCCNPO|GraphID|L
g5|6 10 15 11 7 2 0 1 3
g5|7 11 15 10 6 2 0 1 5
g5|7 11 15 10 6 2 0 1 4
g5|7 11 15 10 6 2 0 1 3
g5|6 10 15 11 7 2 0 1 5
g5|6 10 15 11 7 2 0 1 4

#gn5CCCCCCNPOC|GraphID|L
g5|6 10 15 11 7 2 0 1 3 8
g5|7 11 15 10 6 2 0 1 4 9
g5|7 11 15 10 6 2 0 1 3 8
g5|6 10 15 11 7 2 0 1 4 9

#gn5CCCCCCNPOCC|GraphID|L
g5|6 10 15 11 7 2 0 1 3 8 12
g5|7 11 15 10 6 2 0 1 4 9 13
g5|7 11 15 10 6 2 0 1 3 8 12
g5|6 10 15 11 7 2 0 1 4 9 13

#gn5CCCCCCNPOCH|GraphID|L
g5|6 10 15 11 7 2 0 1 3 8 19
g5|7 11 15 10 6 2 0 1 4 9 22
g5|7 11 15 10 6 2 0 1 4 9 21
g5|7 11 15 10 6 2 0 1 3 8 20
g5|7 11 15 10 6 2 0 1 3 8 19
g5|6 10 15 11 7 2 0 1 4 9 22
g5|6 10 15 11 7 2 0 1 4 9 21
g5|6 10 15 11 7 2 0 1 3 8 20

#gn5CCCCCCNH|GraphID|L
g5|6 10 15 11 7 2 0 16
g5|7 11 15 10 6 2 0 16

#gn5CH|GraphID|L
g5|6 17
g5|15 30
g5|13 29
g5|13 28
g5|13 27
g5|12 26
g5|12 25
g5|12 24
g5|11 23
g5|9 22
g5|9 21
g5|8 20
g5|8 19
g5|7 18

#gn5CCOPNCCH|GraphID|L
g5|12 8 3 1 0 2 6 17
g5|13 9 4 1 0 2 7 18
g5|13 9 4 1 0 2 6 17
g5|12 8 3 1 0 2 7 18

#gn5CCCCNPOCC|GraphID|L
g5|15 10 6 2 0 1 3 8 12
g5|15 11 7 2 0 1 4 9 13
g5|15 11 7 2 0 1 3 8 12
g5|15 10 6 2 0 1 4 9 13

#gn5CCCCCl|GraphID|L
g5|7 2 6 10 14
g5|7 11 15 10 14

#gn5CCOPNCCCCCCl|GraphID|L
g5|12 8 3 1 0 2 7 11 15 10 14
g5|13 9 4 1 0 2 7 11 15 10 14

#gn5CO|GraphID|L
g5|8 3
g5|9 4

#gn5COP|GraphID|L
g5|8 3 1
g5|9 4 1

#gn5Cl|GraphID|L
g5|14

#gn5COPN|GraphID|L
g5|8 3 1 0
g5|9 4 1 0

#gn5COPNC|GraphID|L
g5|8 3 1 0 2
g5|9 4 1 0 2

#gn5COPNCC|GraphID|L
g5|8 3 1 0 2 6
g5|9 4 1 0 2 7
g5|9 4 1 0 2 6
g5|8 3 1 0 2 7

#gn5COPNCCC|GraphID|L
g5|8 3 1 0 2 6 10
g5|9 4 1 0 2 7 11
g5|9 4 1 0 2 6 10
g5|8 3 1 0 2 7 11

#gn5COPNCCCCl|GraphID|L
g5|8 3 1 0 2 6 10 14
g5|9 4 1 0 2 6 10 14

#gn5COPNCCCCC|GraphID|L
g5|8 3 1 0 2 6 10 15 11
g5|9 4 1 0 2 7 11 15 10
g5|9 4 1 0 2 6 10 15 11
g5|8 3 1 0 2 7 11 15 10

#gn5COPNCCCCCC|GraphID|L
g5|8 3 1 0 2 6 10 15 11 7
g5|9 4 1 0 2 7 11 15 10 6
g5|9 4 1 0 2 6 10 15 11 7
g5|8 3 1 0 2 7 11 15 10 6

#gn5COPNCCCCCCC|GraphID|L
g5|8 3 1 0 2 6 10 15 11 7 2
g5|9 4 1 0 2 7 11 15 10 6 2
g5|9 4 1 0 2 6 10 15 11 7 2
g5|8 3 1 0 2 7 11 15 10 6 2

#gn5COPNCCCCCH|GraphID|L
g5|8 3 1 0 2 6 10 15 11 23
g5|9 4 1 0 2 6 10 15 11 23

#gn5COPNCCCCCCH|GraphID|L
g5|8 3 1 0 2 6 10 15 11 7 18
g5|9 4 1 0 2 7 11 15 10 6 17
g5|9 4 1 0 2 6 10 15 11 7 18
g5|8 3 1 0 2 7 11 15 10 6 17

#gn5COPNCCCCH|GraphID|L
g5|8 3 1 0 2 6 10 15 30
g5|9 4 1 0 2 7 11 15 30
g5|9 4 1 0 2 6 10 15 30
g5|8 3 1 0 2 7 11 15 30

#gn5COPNCCH|GraphID|L
g5|8 3 1 0 2 6 17
g5|9 4 1 0 2 7 18
g5|9 4 1 0 2 6 17
g5|8 3 1 0 2 7 18

#gn5COPNCCCCCCl|GraphID|L
g5|8 3 1 0 2 7 11 15 10 14
g5|9 4 1 0 2 7 11 15 10 14

#gn5COPNCCCH|GraphID|L
g5|8 3 1 0 2 7 11 23
g5|9 4 1 0 2 7 11 23

#gn5COPNH|GraphID|L
g5|8 3 1 0 16
g5|9 4 1 0 16

#gn5ClCCCNPOC|GraphID|L
g5|14 10 6 2 0 1 3 8
g5|14 10 6 2 0 1 4 9

#gn5COPO|GraphID|L
g5|8 3 1 4
g5|9 4 1 5
g5|9 4 1 3
g5|8 3 1 5

#gn5COPOC|GraphID|L
g5|8 3 1 4 9
g5|9 4 1 3 8

#gn5COPOCC|GraphID|L
g5|8 3 1 4 9 13
g5|9 4 1 3 8 12

#gn5COPOCCH|GraphID|L
g5|8 3 1 4 9 13 27
g5|9 4 1 3 8 12 26
g5|9 4 1 3 8 12 25
g5|9 4 1 3 8 12 24
g5|8 3 1 4 9 13 29
g5|8 3 1 4 9 13 28

#gn5COPOCH|GraphID|L
g5|8 3 1 4 9 21
g5|9 4 1 3 8 20
g5|9 4 1 3 8 19
g5|8 3 1 4 9 22

#gn5CCCN|GraphID|L
g5|10 6 2 0
g5|11 7 2 0

#gn5CCCNP|GraphID|L
g5|10 6 2 0 1
g5|11 7 2 0 1

#gn5CCCNPO|GraphID|L
g5|10 6 2 0 1 3
g5|11 7 2 0 1 5
g5|11 7 2 0 1 4
g5|11 7 2 0 1 3
g5|10 6 2 0 1 5
g5|10 6 2 0 1 4

#gn5HCCOPOCC|GraphID|L
g5|24 12 8 3 1 4 9 13
g5|29 13 9 4 1 3 8 12
g5|28 13 9 4 1 3 8 12
g5|27 13 9 4 1 3 8 12
g5|26 12 8 3 1 4 9 13
g5|25 12 8 3 1 4 9 13

#gn5CCCNPOC|GraphID|L
g5|10 6 2 0 1 3 8
g5|11 7 2 0 1 4 9
g5|11 7 2 0 1 3 8
g5|10 6 2 0 1 4 9

#gn5HCCO|GraphID|L
g5|24 12 8 3
g5|29 13 9 4
g5|28 13 9 4
g5|27 13 9 4
g5|26 12 8 3
g5|25 12 8 3

#gn5CCCNPOCC|GraphID|L
g5|10 6 2 0 1 3 8 12
g5|11 7 2 0 1 4 9 13
g5|11 7 2 0 1 3 8 12
g5|10 6 2 0 1 4 9 13

#gn5CCCNPOCCH|GraphID|L
g5|10 6 2 0 1 3 8 12 24
g5|11 7 2 0 1 4 9 13 29
g5|11 7 2 0 1 4 9 13 28
g5|11 7 2 0 1 4 9 13 27
g5|11 7 2 0 1 3 8 12 26
g5|11 7 2 0 1 3 8 12 25
g5|11 7 2 0 1 3 8 12 24
g5|10 6 2 0 1 4 9 13 29
g5|10 6 2 0 1 4 9 13 28
g5|10 6 2 0 1 4 9 13 27
g5|10 6 2 0 1 3 8 12 26
g5|10 6 2 0 1 3 8 12 25

#gn5CCCNPOCH|GraphID|L
g5|10 6 2 0 1 3 8 19
g5|11 7 2 0 1 4 9 22
g5|11 7 2 0 1 4 9 21
g5|11 7 2 0 1 3 8 20
g5|11 7 2 0 1 3 8 19
g5|10 6 2 0 1 4 9 22
g5|10 6 2 0 1 4 9 21
g5|10 6 2 0 1 3 8 20

#gn5CCCNH|GraphID|L
g5|10 6 2 0 16
g5|11 7 2 0 16

#gn5CCCCCCCCl|GraphID|L
g5|10 6 2 7 11 15 10 14
g5|10 15 11 7 2 6 10 14

#gn5CCl|GraphID|L
g5|10 14

#gn5CCCCCN|GraphID|L
g5|10 15 11 7 2 0
g5|11 15 10 6 2 0

#gn5CCCCCNPO|GraphID|L
g5|10 15 11 7 2 0 1 3
g5|11 15 10 6 2 0 1 5
g5|11 15 10 6 2 0 1 4
g5|11 15 10 6 2 0 1 3
g5|10 15 11 7 2 0 1 5
g5|10 15 11 7 2 0 1 4

#gn5ClCCCCCNPOC|GraphID|L
g5|14 10 15 11 7 2 0 1 3 8
g5|14 10 15 11 7 2 0 1 4 9

#gn5CCCCCNPOC|GraphID|L
g5|10 15 11 7 2 0 1 3 8
g5|11 15 10 6 2 0 1 4 9
g5|11 15 10 6 2 0 1 3 8
g5|10 15 11 7 2 0 1 4 9

#gn5ClCCCCCNPOCC|GraphID|L
g5|14 10 15 11 7 2 0 1 3 8 12
g5|14 10 15 11 7 2 0 1 4 9 13

#gn5CCCCCNPOCC|GraphID|L
g5|10 15 11 7 2 0 1 3 8 12
g5|11 15 10 6 2 0 1 4 9 13
g5|11 15 10 6 2 0 1 3 8 12
g5|10 15 11 7 2 0 1 4 9 13

#gn5CCCCCNPOCCH|GraphID|L
g5|10 15 11 7 2 0 1 3 8 12 24
g5|11 15 10 6 2 0 1 4 9 13 29
g5|11 15 10 6 2 0 1 4 9 13 28
g5|11 15 10 6 2 0 1 4 9 13 27
g5|11 15 10 6 2 0 1 3 8 12 26
g5|11 15 10 6 2 0 1 3 8 12 25
g5|11 15 10 6 2 0 1 3 8 12 24
g5|10 15 11 7 2 0 1 4 9 13 29
g5|10 15 11 7 2 0 1 4 9 13 28
g5|10 15 11 7 2 0 1 4 9 13 27
g5|10 15 11 7 2 0 1 3 8 12 26
g5|10 15 11 7 2 0 1 3 8 12 25

#gn5CCCCCNPOCH|GraphID|L
g5|10 15 11 7 2 0 1 3 8 19
g5|11 15 10 6 2 0 1 4 9 22
g5|11 15 10 6 2 0 1 4 9 21
g5|11 15 10 6 2 0 1 3 8 20
g5|11 15 10 6 2 0 1 3 8 19
g5|10 15 11 7 2 0 1 4 9 22
g5|10 15 11 7 2 0 1 4 9 21
g5|10 15 11 7 2 0 1 3 8 20

#gn5HCCOPNCC|GraphID|L
g5|24 12 8 3 1 0 2 6
g5|29 13 9 4 1 0 2 7
g5|29 13 9 4 1 0 2 6
g5|28 13 9 4 1 0 2 7
g5|28 13 9 4 1 0 2 6
g5|27 13 9 4 1 0 2 7
g5|27 13 9 4 1 0 2 6
g5|26 12 8 3 1 0 2 7
g5|26 12 8 3 1 0 2 6
g5|25 12 8 3 1 0 2 7
g5|25 12 8 3 1 0 2 6
g5|24 12 8 3 1 0 2 7

#gn5CCCCCNH|GraphID|L
g5|10 15 11 7 2 0 16
g5|11 15 10 6 2 0 16

#gn5CCO|GraphID|L
g5|12 8 3
g5|13 9 4

#gn5CCOP|GraphID|L
g5|12 8 3 1
g5|13 9 4 1

#gn5CCOPN|GraphID|L
g5|12 8 3 1 0
g5|13 9 4 1 0

#gn5HCOPOCCH|GraphID|L
g5|19 8 3 1 4 9 13 27
g5|22 9 4 1 3 8 12 26
g5|22 9 4 1 3 8 12 25
g5|22 9 4 1 3 8 12 24
g5|21 9 4 1 3 8 12 26
g5|21 9 4 1 3 8 12 25
g5|21 9 4 1 3 8 12 24
g5|20 8 3 1 4 9 13 29
g5|20 8 3 1 4 9 13 28
g5|20 8 3 1 4 9 13 27
g5|19 8 3 1 4 9 13 29
g5|19 8 3 1 4 9 13 28

#gn5CCOPNC|GraphID|L
g5|12 8 3 1 0 2
g5|13 9 4 1 0 2

#gn5CCOPNH|GraphID|L
g5|12 8 3 1 0 16
g5|13 9 4 1 0 16

#gn5CCOPO|GraphID|L
g5|12 8 3 1 4
g5|13 9 4 1 5
g5|13 9 4 1 3
g5|12 8 3 1 5

#gn5CCOPOC|GraphID|L
g5|12 8 3 1 4 9
g5|13 9 4 1 3 8

#gn5CCOPOCC|GraphID|L
g5|12 8 3 1 4 9 13
g5|13 9 4 1 3 8 12

#gn5HCOPNCCH|GraphID|L
g5|19 8 3 1 0 2 6 17
g5|22 9 4 1 0 2 7 18
g5|22 9 4 1 0 2 6 17
g5|21 9 4 1 0 2 7 18
g5|21 9 4 1 0 2 6 17
g5|20 8 3 1 0 2 7 18
g5|20 8 3 1 0 2 6 17
g5|19 8 3 1 0 2 7 18

#gn5CCOPOCCH|GraphID|L
g5|12 8 3 1 4 9 13 27
g5|13 9 4 1 3 8 12 26
g5|13 9 4 1 3 8 12 25
g5|13 9 4 1 3 8 12 24
g5|12 8 3 1 4 9 13 29
g5|12 8 3 1 4 9 13 28

#gn5CCOPOCH|GraphID|L
g5|12 8 3 1 4 9 21
g5|13 9 4 1 3 8 20
g5|13 9 4 1 3 8 19
g5|12 8 3 1 4 9 22

#gn5HCCOPNC|GraphID|L
g5|24 12 8 3 1 0 2
g5|29 13 9 4 1 0 2
g5|28 13 9 4 1 0 2
g5|27 13 9 4 1 0 2
g5|26 12 8 3 1 0 2
g5|25 12 8 3 1 0 2

#gn5ClC|GraphID|L
g5|14 10

#gn5ClCC|GraphID|L
g5|14 10 6
g5|14 10 15

#gn5ClCCC|GraphID|L
g5|14 10 6 2
g5|14 10 15 11

#gn5ClCCCN|GraphID|L
g5|14 10 6 2 0

#gn5ClCCCNP|GraphID|L
g5|14 10 6 2 0 1

#gn5ClCCCNPO|GraphID|L
g5|14 10 6 2 0 1 3
g5|14 10 6 2 0 1 5
g5|14 10 6 2 0 1 4

#gn5ClCCCNPOCC|GraphID|L
g5|14 10 6 2 0 1 3 8 12
g5|14 10 6 2 0 1 4 9 13

#gn5ClCCCCCH|GraphID|L
g5|14 10 6 2 7 11 23

#gn5ClCCCNPOCCH|GraphID|L
g5|14 10 6 2 0 1 3 8 12 24
g5|14 10 6 2 0 1 4 9 13 29
g5|14 10 6 2 0 1 4 9 13 28
g5|14 10 6 2 0 1 4 9 13 27
g5|14 10 6 2 0 1 3 8 12 26
g5|14 10 6 2 0 1 3 8 12 25

#gn5ClCCCNPOCH|GraphID|L
g5|14 10 6 2 0 1 3 8 19
g5|14 10 6 2 0 1 4 9 22
g5|14 10 6 2 0 1 4 9 21
g5|14 10 6 2 0 1 3 8 20

#gn5ClCCCNH|GraphID|L
g5|14 10 6 2 0 16

#gn5ClCCCC|GraphID|L
g5|14 10 6 2 7
g5|14 10 15 11 7

#gn5ClCCCCC|GraphID|L
g5|14 10 6 2 7 11
g5|14 10 15 11 7 2

#gn5ClCCCCCC|GraphID|L
g5|14 10 6 2 7 11 15
g5|14 10 15 11 7 2 6

#gn5ClCCCCCCC|GraphID|L
g5|14 10 6 2 7 11 15 10
g5|14 10 15 11 7 2 6 10

#gn5ClCCCCCCH|GraphID|L
g5|14 10 6 2 7 11 15 30
g5|14 10 15 11 7 2 6 17

#gn5ClCCCCH|GraphID|L
g5|14 10 6 2 7 18
g5|14 10 15 11 7 18

#gn5ClCCH|GraphID|L
g5|14 10 6 17
g5|14 10 15 30

#gn5ClCCCCCNP|GraphID|L
g5|14 10 15 11 7 2 0 1

#gn5ClCCCCCNPO|GraphID|L
g5|14 10 15 11 7 2 0 1 3
g5|14 10 15 11 7 2 0 1 5
g5|14 10 15 11 7 2 0 1 4

#gn5ClCCCCCNPOCH|GraphID|L
g5|14 10 15 11 7 2 0 1 3 8 19
g5|14 10 15 11 7 2 0 1 4 9 22
g5|14 10 15 11 7 2 0 1 4 9 21
g5|14 10 15 11 7 2 0 1 3 8 20

#gn5CCCCN|GraphID|L
g5|15 10 6 2 0
g5|15 11 7 2 0

#gn5CCCCNP|GraphID|L
g5|15 10 6 2 0 1
g5|15 11 7 2 0 1

#gn5CCCCNPO|GraphID|L
g5|15 10 6 2 0 1 3
g5|15 11 7 2 0 1 5
g5|15 11 7 2 0 1 4
g5|15 11 7 2 0 1 3
g5|15 10 6 2 0 1 5
g5|15 10 6 2 0 1 4

#gn5CCCCNPOC|GraphID|L
g5|15 10 6 2 0 1 3 8
g5|15 11 7 2 0 1 4 9
g5|15 11 7 2 0 1 3 8
g5|15 10 6 2 0 1 4 9

#gn5CCCCNPOCCH|GraphID|L
g5|15 10 6 2 0 1 3 8 12 24
g5|15 11 7 2 0 1 4 9 13 29
g5|15 11 7 2 0 1 4 9 13 28
g5|15 11 7 2 0 1 4 9 13 27
g5|15 11 7 2 0 1 3 8 12 26
g5|15 11 7 2 0 1 3 8 12 25
g5|15 11 7 2 0 1 3 8 12 24
g5|15 10 6 2 0 1 4 9 13 29
g5|15 10 6 2 0 1 4 9 13 28
g5|15 10 6 2 0 1 4 9 13 27
g5|15 10 6 2 0 1 3 8 12 26
g5|15 10 6 2 0 1 3 8 12 25

#gn5CCCCNPOCH|GraphID|L
g5|15 10 6 2 0 1 3 8 19
g5|15 11 7 2 0 1 4 9 22
g5|15 11 7 2 0 1 4 9 21
g5|15 11 7 2 0 1 3 8 20
g5|15 11 7 2 0 1 3 8 19
g5|15 10 6 2 0 1 4 9 22
g5|15 10 6 2 0 1 4 9 21
g5|15 10 6 2 0 1 3 8 20

#gn5CCCCNH|GraphID|L
g5|15 10 6 2 0 16
g5|15 11 7 2 0 16

#gn5HCCCCC|GraphID|L
g5|17 6 2 7 11 15
g5|30 15 11 7 2 6
g5|30 15 10 6 2 7
g5|23 11 15 10 6 2
g5|23 11 7 2 6 10
g5|18 7 11 15 10 6
g5|18 7 2 6 10 15
g5|17 6 10 15 11 7

#gn5H|GraphID|L
g5|16
g5|30
g5|29
g5|28
g5|27
g5|26
g5|25
g5|24
g5|23
g5|22
g5|21
g5|20
g5|19
g5|18
g5|17

#gn5HN|GraphID|L
g5|16 0

#gn5HNP|GraphID|L
g5|16 0 1

#gn5HNPO|GraphID|L
g5|16 0 1 3
g5|16 0 1 5
g5|16 0 1 4

#gn5HNPOCC|GraphID|L
g5|16 0 1 3 8 12
g5|16 0 1 4 9 13

#gn5HNPOCCH|GraphID|L
g5|16 0 1 3 8 12 24
g5|16 0 1 4 9 13 29
g5|16 0 1 4 9 13 28
g5|16 0 1 4 9 13 27
g5|16 0 1 3 8 12 26
g5|16 0 1 3 8 12 25

#gn5HNPOCH|GraphID|L
g5|16 0 1 3 8 19
g5|16 0 1 4 9 22
g5|16 0 1 4 9 21
g5|16 0 1 3 8 20

#gn5HNC|GraphID|L
g5|16 0 2

#gn5HNCC|GraphID|L
g5|16 0 2 6
g5|16 0 2 7

#gn5HNCCC|GraphID|L
g5|16 0 2 6 10
g5|16 0 2 7 11

#gn5HNCCCC|GraphID|L
g5|16 0 2 6 10 15
g5|16 0 2 7 11 15

#gn5HNCCCCC|GraphID|L
g5|16 0 2 6 10 15 11
g5|16 0 2 7 11 15 10

#gn5HNCCCCCC|GraphID|L
g5|16 0 2 6 10 15 11 7
g5|16 0 2 7 11 15 10 6

#gn5HNCCCCCCC|GraphID|L
g5|16 0 2 6 10 15 11 7 2
g5|16 0 2 7 11 15 10 6 2

#gn5HNCCCCCCH|GraphID|L
g5|16 0 2 6 10 15 11 7 18
g5|16 0 2 7 11 15 10 6 17

#gn5HNCCCCCH|GraphID|L
g5|16 0 2 6 10 15 11 23

#gn5HNCCCCH|GraphID|L
g5|16 0 2 6 10 15 30
g5|16 0 2 7 11 15 30

#gn5HNCCH|GraphID|L
g5|16 0 2 6 17
g5|16 0 2 7 18

#gn5HNCCCCCCl|GraphID|L
g5|16 0 2 7 11 15 10 14

#gn5HC|GraphID|L
g5|17 6
g5|30 15
g5|29 13
g5|28 13
g5|27 13
g5|26 12
g5|25 12
g5|24 12
g5|23 11
g5|22 9
g5|21 9
g5|20 8
g5|19 8
g5|18 7

#gn5HCC|GraphID|L
g5|17 6 2
g5|30 15 11
g5|30 15 10
g5|29 13 9
g5|28 13 9
g5|27 13 9
g5|26 12 8
g5|25 12 8
g5|24 12 8
g5|23 11 15
g5|23 11 7
g5|22 9 13
g5|21 9 13
g5|20 8 12
g5|19 8 12
g5|18 7 11
g5|18 7 2
g5|17 6 10

#gn5HCCN|GraphID|L
g5|17 6 2 0
g5|18 7 2 0

#gn5HCCNP|GraphID|L
g5|17 6 2 0 1
g5|18 7 2 0 1

#gn5HCCNH|GraphID|L
g5|17 6 2 0 16
g5|18 7 2 0 16

#gn5HCCC|GraphID|L
g5|17 6 2 7
g5|30 15 11 7
g5|30 15 10 6
g5|23 11 15 10
g5|23 11 7 2
g5|18 7 11 15
g5|18 7 2 6
g5|17 6 10 15

#gn5HCCCC|GraphID|L
g5|17 6 2 7 11
g5|30 15 11 7 2
g5|30 15 10 6 2
g5|23 11 15 10 6
g5|23 11 7 2 6
g5|18 7 11 15 10
g5|18 7 2 6 10
g5|17 6 10 15 11

#gn5HCCCCCC|GraphID|L
g5|17 6 2 7 11 15 10
g5|30 15 11 7 2 6 10
g5|30 15 10 6 2 7 11
g5|23 11 15 10 6 2 7
g5|23 11 7 2 6 10 15
g5|18 7 11 15 10 6 2
g5|18 7 2 6 10 15 11
g5|17 6 10 15 11 7 2

#gn5HCCCCCCC|GraphID|L
g5|17 6 2 7 11 15 10 6
g5|30 15 11 7 2 6 10 15
g5|30 15 10 6 2 7 11 15
g5|23 11 15 10 6 2 7 11
g5|23 11 7 2 6 10 15 11
g5|18 7 11 15 10 6 2 7
g5|18 7 2 6 10 15 11 7
g5|17 6 10 15 11 7 2 6

#gn5HCCCCCCCl|GraphID|L
g5|17 6 2 7 11 15 10 14
g5|30 15 11 7 2 6 10 14

#gn5HCCCCH|GraphID|L
g5|17 6 2 7 11 23
g5|23 11 15 10 6 17
g5|23 11 7 2 6 17
g5|17 6 10 15 11 23

#gn5HCCCH|GraphID|L
g5|17 6 2 7 18
g5|30 15 11 7 18
g5|30 15 10 6 17
g5|18 7 11 15 30
g5|18 7 2 6 17
g5|17 6 10 15 30

#gn5HCCCl|GraphID|L
g5|17 6 10 14
g5|30 15 10 14

#gn5HCCCCCCNP|GraphID|L
g5|17 6 10 15 11 7 2 0 1
g5|18 7 11 15 10 6 2 0 1

#gn5HCCCCCCNPO|GraphID|L
g5|17 6 10 15 11 7 2 0 1 3
g5|18 7 11 15 10 6 2 0 1 5
g5|18 7 11 15 10 6 2 0 1 4
g5|18 7 11 15 10 6 2 0 1 3
g5|17 6 10 15 11 7 2 0 1 5
g5|17 6 10 15 11 7 2 0 1 4

#gn5HCCCCCCNPOC|GraphID|L
g5|17 6 10 15 11 7 2 0 1 3 8
g5|18 7 11 15 10 6 2 0 1 4 9
g5|18 7 11 15 10 6 2 0 1 3 8
g5|17 6 10 15 11 7 2 0 1 4 9

#gn5HCCCCCl|GraphID|L
g5|18 7 2 6 10 14
g5|18 7 11 15 10 14

#gn5HCCCCCCH|GraphID|L
g5|18 7 2 6 10 15 11 23
g5|30 15 10 6 2 7 11 23
g5|23 11 15 10 6 2 7 18
g5|23 11 7 2 6 10 15 30

#gn5HCCH|GraphID|L
g5|18 7 11 23
g5|30 15 11 23
g5|29 13 9 22
g5|29 13 9 21
g5|28 13 9 22
g5|28 13 9 21
g5|27 13 9 22
g5|27 13 9 21
g5|26 12 8 20
g5|26 12 8 19
g5|25 12 8 20
g5|25 12 8 19
g5|24 12 8 20
g5|24 12 8 19
g5|23 11 15 30
g5|23 11 7 18
g5|22 9 13 29
g5|22 9 13 28
g5|22 9 13 27
g5|21 9 13 29
g5|21 9 13 28
g5|21 9 13 27
g5|20 8 12 26
g5|20 8 12 25
g5|20 8 12 24
g5|19 8 12 26
g5|19 8 12 25
g5|19 8 12 24

#gn5HCO|GraphID|L
g5|19 8 3
g5|22 9 4
g5|21 9 4
g5|20 8 3

#gn5HCOP|GraphID|L
g5|19 8 3 1
g5|22 9 4 1
g5|21 9 4 1
g5|20 8 3 1

#gn5HCOPN|GraphID|L
g5|19 8 3 1 0
g5|22 9 4 1 0
g5|21 9 4 1 0
g5|20 8 3 1 0

#gn5HCOPNC|GraphID|L
g5|19 8 3 1 0 2
g5|22 9 4 1 0 2
g5|21 9 4 1 0 2
g5|20 8 3 1 0 2

#gn5HCOPNCC|GraphID|L
g5|19 8 3 1 0 2 6
g5|22 9 4 1 0 2 7
g5|22 9 4 1 0 2 6
g5|21 9 4 1 0 2 7
g5|21 9 4 1 0 2 6
g5|20 8 3 1 0 2 7
g5|20 8 3 1 0 2 6
g5|19 8 3 1 0 2 7

#gn5HCOPNCCC|GraphID|L
g5|19 8 3 1 0 2 6 10
g5|22 9 4 1 0 2 7 11
g5|22 9 4 1 0 2 6 10
g5|21 9 4 1 0 2 7 11
g5|21 9 4 1 0 2 6 10
g5|20 8 3 1 0 2 7 11
g5|20 8 3 1 0 2 6 10
g5|19 8 3 1 0 2 7 11

#gn5HCOPNCCCCl|GraphID|L
g5|19 8 3 1 0 2 6 10 14
g5|22 9 4 1 0 2 6 10 14
g5|21 9 4 1 0 2 6 10 14
g5|20 8 3 1 0 2 6 10 14

#gn5HCOPNCCCC|GraphID|L
g5|19 8 3 1 0 2 6 10 15
g5|22 9 4 1 0 2 7 11 15
g5|22 9 4 1 0 2 6 10 15
g5|21 9 4 1 0 2 7 11 15
g5|21 9 4 1 0 2 6 10 15
g5|20 8 3 1 0 2 7 11 15
g5|20 8 3 1 0 2 6 10 15
g5|19 8 3 1 0 2 7 11 15

#gn5HCOPNCCCCCC|GraphID|L
g5|19 8 3 1 0 2 6 10 15 11 7
g5|22 9 4 1 0 2 7 11 15 10 6
g5|22 9 4 1 0 2 6 10 15 11 7
g5|21 9 4 1 0 2 7 11 15 10 6
g5|21 9 4 1 0 2 6 10 15 11 7
g5|20 8 3 1 0 2 7 11 15 10 6
g5|20 8 3 1 0 2 6 10 15 11 7
g5|19 8 3 1 0 2 7 11 15 10 6

#gn5HCOPNCCCCCH|GraphID|L
g5|19 8 3 1 0 2 6 10 15 11 23
g5|22 9 4 1 0 2 6 10 15 11 23
g5|21 9 4 1 0 2 6 10 15 11 23
g5|20 8 3 1 0 2 6 10 15 11 23

#gn5HCOPNCCCCH|GraphID|L
g5|19 8 3 1 0 2 6 10 15 30
g5|22 9 4 1 0 2 7 11 15 30
g5|22 9 4 1 0 2 6 10 15 30
g5|21 9 4 1 0 2 7 11 15 30
g5|21 9 4 1 0 2 6 10 15 30
g5|20 8 3 1 0 2 7 11 15 30
g5|20 8 3 1 0 2 6 10 15 30
g5|19 8 3 1 0 2 7 11 15 30

#gn5HCOPNCCCCCCl|GraphID|L
g5|19 8 3 1 0 2 7 11 15 10 14
g5|22 9 4 1 0 2 7 11 15 10 14
g5|21 9 4 1 0 2 7 11 15 10 14
g5|20 8 3 1 0 2 7 11 15 10 14

#gn5HCOPNCCCH|GraphID|L
g5|19 8 3 1 0 2 7 11 23
g5|22 9 4 1 0 2 7 11 23
g5|21 9 4 1 0 2 7 11 23
g5|20 8 3 1 0 2 7 11 23

#gn5HCOPNH|GraphID|L
g5|19 8 3 1 0 16
g5|22 9 4 1 0 16
g5|21 9 4 1 0 16
g5|20 8 3 1 0 16

#gn5HCOPO|GraphID|L
g5|19 8 3 1 4
g5|22 9 4 1 5
g5|22 9 4 1 3
g5|21 9 4 1 5
g5|21 9 4 1 3
g5|20 8 3 1 5
g5|20 8 3 1 4
g5|19 8 3 1 5

#gn5HCOPOCC|GraphID|L
g5|19 8 3 1 4 9 13
g5|22 9 4 1 3 8 12
g5|21 9 4 1 3 8 12
g5|20 8 3 1 4 9 13

#gn5HCOPOCH|GraphID|L
g5|19 8 3 1 4 9 21
g5|22 9 4 1 3 8 20
g5|22 9 4 1 3 8 19
g5|21 9 4 1 3 8 20
g5|21 9 4 1 3 8 19
g5|20 8 3 1 4 9 22
g5|20 8 3 1 4 9 21
g5|19 8 3 1 4 9 22

#gn5HCH|GraphID|L
g5|19 8 20
g5|29 13 28
g5|29 13 27
g5|28 13 29
g5|28 13 27
g5|27 13 29
g5|27 13 28
g5|26 12 25
g5|26 12 24
g5|25 12 26
g5|25 12 24
g5|24 12 26
g5|24 12 25
g5|22 9 21
g5|21 9 22
g5|20 8 19

#gn5HCCCN|GraphID|L
g5|23 11 7 2 0

#gn5HCCCNP|GraphID|L
g5|23 11 7 2 0 1

#gn5HCCCNPO|GraphID|L
g5|23 11 7 2 0 1 3
g5|23 11 7 2 0 1 5
g5|23 11 7 2 0 1 4

#gn5HCCCNPOC|GraphID|L
g5|23 11 7 2 0 1 3 8
g5|23 11 7 2 0 1 4 9

#gn5HCCCNPOCC|GraphID|L
g5|23 11 7 2 0 1 3 8 12
g5|23 11 7 2 0 1 4 9 13

#gn5HCCCNPOCCH|GraphID|L
g5|23 11 7 2 0 1 3 8 12 24
g5|23 11 7 2 0 1 4 9 13 29
g5|23 11 7 2 0 1 4 9 13 28
g5|23 11 7 2 0 1 4 9 13 27
g5|23 11 7 2 0 1 3 8 12 26
g5|23 11 7 2 0 1 3 8 12 25

#gn5HCCCNPOCH|GraphID|L
g5|23 11 7 2 0 1 3 8 19
g5|23 11 7 2 0 1 4 9 22
g5|23 11 7 2 0 1 4 9 21
g5|23 11 7 2 0 1 3 8 20

#gn5HCCCNH|GraphID|L
g5|23 11 7 2 0 16

#gn5HCCCCCCl|GraphID|L
g5|23 11 7 2 6 10 14

#gn5HCCCCCN|GraphID|L
g5|23 11 15 10 6 2 0

#gn5HCCCCCNP|GraphID|L
g5|23 11 15 10 6 2 0 1

#gn5HCCCCCNPO|GraphID|L
g5|23 11 15 10 6 2 0 1 3
g5|23 11 15 10 6 2 0 1 5
g5|23 11 15 10 6 2 0 1 4

#gn5HCCCCCNPOC|GraphID|L
g5|23 11 15 10 6 2 0 1 3 8
g5|23 11 15 10 6 2 0 1 4 9

#gn5HCCCCCNPOCC|GraphID|L
g5|23 11 15 10 6 2 0 1 3 8 12
g5|23 11 15 10 6 2 0 1 4 9 13

#gn5HCCCCCNPOCH|GraphID|L
g5|23 11 15 10 6 2 0 1 3 8 19
g5|23 11 15 10 6 2 0 1 4 9 22
g5|23 11 15 10 6 2 0 1 4 9 21
g5|23 11 15 10 6 2 0 1 3 8 20

#gn5HCCCCl|GraphID|L
g5|23 11 15 10 14

#gn5HCCOP|GraphID|L
g5|24 12 8 3 1
g5|29 13 9 4 1
g5|28 13 9 4 1
g5|27 13 9 4 1
g5|26 12 8 3 1
g5|25 12 8 3 1

#gn5HCCOPN|GraphID|L
g5|24 12 8 3 1 0
g5|29 13 9 4 1 0
g5|28 13 9 4 1 0
g5|27 13 9 4 1 0
g5|26 12 8 3 1 0
g5|25 12 8 3 1 0

#gn5HCCOPNCCC|GraphID|L
g5|24 12 8 3 1 0 2 6 10
g5|29 13 9 4 1 0 2 7 11
g5|29 13 9 4 1 0 2 6 10
g5|28 13 9 4 1 0 2 7 11
g5|28 13 9 4 1 0 2 6 10
g5|27 13 9 4 1 0 2 7 11
g5|27 13 9 4 1 0 2 6 10
g5|26 12 8 3 1 0 2 7 11
g5|26 12 8 3 1 0 2 6 10
g5|25 12 8 3 1 0 2 7 11
g5|25 12 8 3 1 0 2 6 10
g5|24 12 8 3 1 0 2 7 11

#gn5HCCOPNCCCCl|GraphID|L
g5|24 12 8 3 1 0 2 6 10 14
g5|29 13 9 4 1 0 2 6 10 14
g5|28 13 9 4 1 0 2 6 10 14
g5|27 13 9 4 1 0 2 6 10 14
g5|26 12 8 3 1 0 2 6 10 14
g5|25 12 8 3 1 0 2 6 10 14

#gn5HCCOPNCCCC|GraphID|L
g5|24 12 8 3 1 0 2 6 10 15
g5|29 13 9 4 1 0 2 7 11 15
g5|29 13 9 4 1 0 2 6 10 15
g5|28 13 9 4 1 0 2 7 11 15
g5|28 13 9 4 1 0 2 6 10 15
g5|27 13 9 4 1 0 2 7 11 15
g5|27 13 9 4 1 0 2 6 10 15
g5|26 12 8 3 1 0 2 7 11 15
g5|26 12 8 3 1 0 2 6 10 15
g5|25 12 8 3 1 0 2 7 11 15
g5|25 12 8 3 1 0 2 6 10 15
g5|24 12 8 3 1 0 2 7 11 15

#gn5HCCOPNCCCCC|GraphID|L
g5|24 12 8 3 1 0 2 6 10 15 11
g5|29 13 9 4 1 0 2 7 11 15 10
g5|29 13 9 4 1 0 2 6 10 15 11
g5|28 13 9 4 1 0 2 7 11 15 10
g5|28 13 9 4 1 0 2 6 10 15 11
g5|27 13 9 4 1 0 2 7 11 15 10
g5|27 13 9 4 1 0 2 6 10 15 11
g5|26 12 8 3 1 0 2 7 11 15 10
g5|26 12 8 3 1 0 2 6 10 15 11
g5|25 12 8 3 1 0 2 7 11 15 10
g5|25 12 8 3 1 0 2 6 10 15 11
g5|24 12 8 3 1 0 2 7 11 15 10

#gn5HCCOPNCCCCH|GraphID|L
g5|24 12 8 3 1 0 2 6 10 15 30
g5|29 13 9 4 1 0 2 7 11 15 30
g5|29 13 9 4 1 0 2 6 10 15 30
g5|28 13 9 4 1 0 2 7 11 15 30
g5|28 13 9 4 1 0 2 6 10 15 30
g5|27 13 9 4 1 0 2 7 11 15 30
g5|27 13 9 4 1 0 2 6 10 15 30
g5|26 12 8 3 1 0 2 7 11 15 30
g5|26 12 8 3 1 0 2 6 10 15 30
g5|25 12 8 3 1 0 2 7 11 15 30
g5|25 12 8 3 1 0 2 6 10 15 30
g5|24 12 8 3 1 0 2 7 11 15 30

#gn5HCCOPNCCH|GraphID|L
g5|24 12 8 3 1 0 2 6 17
g5|29 13 9 4 1 0 2 7 18
g5|29 13 9 4 1 0 2 6 17
g5|28 13 9 4 1 0 2 7 18
g5|28 13 9 4 1 0 2 6 17
g5|27 13 9 4 1 0 2 7 18
g5|27 13 9 4 1 0 2 6 17
g5|26 12 8 3 1 0 2 7 18
g5|26 12 8 3 1 0 2 6 17
g5|25 12 8 3 1 0 2 7 18
g5|25 12 8 3 1 0 2 6 17
g5|24 12 8 3 1 0 2 7 18

#gn5HCCOPNCCCH|GraphID|L
g5|24 12 8 3 1 0 2 7 11 23
g5|29 13 9 4 1 0 2 7 11 23
g5|28 13 9 4 1 0 2 7 11 23
g5|27 13 9 4 1 0 2 7 11 23
g5|26 12 8 3 1 0 2 7 11 23
g5|25 12 8 3 1 0 2 7 11 23

#gn5HCCOPNH|GraphID|L
g5|24 12 8 3 1 0 16
g5|29 13 9 4 1 0 16
g5|28 13 9 4 1 0 16
g5|27 13 9 4 1 0 16
g5|26 12 8 3 1 0 16
g5|25 12 8 3 1 0 16

#gn5HCCOPOC|GraphID|L
g5|24 12 8 3 1 4 9
g5|29 13 9 4 1 3 8
g5|28 13 9 4 1 3 8
g5|27 13 9 4 1 3 8
g5|26 12 8 3 1 4 9
g5|25 12 8 3 1 4 9

#gn5HCCCCN|GraphID|L
g5|30 15 10 6 2 0
g5|30 15 11 7 2 0

#gn5HCCCCNP|GraphID|L
g5|30 15 10 6 2 0 1
g5|30 15 11 7 2 0 1

#gn5HCCCCNPOC|GraphID|L
g5|30 15 10 6 2 0 1 3 8
g5|30 15 11 7 2 0 1 4 9
g5|30 15 11 7 2 0 1 3 8
g5|30 15 10 6 2 0 1 4 9

#gn5HCCCCNPOCC|GraphID|L
g5|30 15 10 6 2 0 1 3 8 12
g5|30 15 11 7 2 0 1 4 9 13
g5|30 15 11 7 2 0 1 3 8 12
g5|30 15 10 6 2 0 1 4 9 13

#gn5HCCCCNPOCCH|GraphID|L
g5|30 15 10 6 2 0 1 3 8 12 24
g5|30 15 11 7 2 0 1 4 9 13 29
g5|30 15 11 7 2 0 1 4 9 13 28
g5|30 15 11 7 2 0 1 4 9 13 27
g5|30 15 11 7 2 0 1 3 8 12 26
g5|30 15 11 7 2 0 1 3 8 12 25
g5|30 15 11 7 2 0 1 3 8 12 24
g5|30 15 10 6 2 0 1 4 9 13 29
g5|30 15 10 6 2 0 1 4 9 13 28
g5|30 15 10 6 2 0 1 4 9 13 27
g5|30 15 10 6 2 0 1 3 8 12 26
g5|30 15 10 6 2 0 1 3 8 12 25

#gn5HCCCCNPOCH|GraphID|L
g5|30 15 10 6 2 0 1 3 8 19
g5|30 15 11 7 2 0 1 4 9 22
g5|30 15 11 7 2 0 1 4 9 21
g5|30 15 11 7 2 0 1 3 8 20
g5|30 15 11 7 2 0 1 3 8 19
g5|30 15 10 6 2 0 1 4 9 22
g5|30 15 10 6 2 0 1 4 9 21
g5|30 15 10 6 2 0 1 3 8 20