

#gn6C|GraphID|L
g6|0
g6|15
g6|12
g6|11
g6|10
g6|9
g6|8
g6|7
g6|5
g6|4
g6|3
g6|2
g6|1

#gn6HCCCOCCCCC|GraphID|L
g6|23 10 5 11 14 9 4 2 1 0
g6|25 10 5 11 14 9 4 8 7 12
g6|25 10 5 11 14 9 4 8 7 3
g6|25 10 5 11 14 9 4 2 1 3
g6|25 10 5 11 14 9 4 2 1 0
g6|24 10 5 11 14 9 4 8 7 12
g6|24 10 5 11 14 9 4 8 7 3
g6|24 10 5 11 14 9 4 2 1 3
g6|24 10 5 11 14 9 4 2 1 0
g6|23 10 5 11 14 9 4 8 7 12
g6|23 10 5 11 14 9 4 8 7 3
g6|23 10 5 11 14 9 4 2 1 3

#gn6CC|GraphID|L
g6|0 1
g6|15 11
g6|12 7
g6|11 15
g6|11 5
g6|10 5
g6|9 4
g6|8 7
g6|8 4
g6|7 8
g6|7 12
g6|7 3
g6|5 11
g6|5 10
g6|5 2
g6|4 9
g6|4 8
g6|4 2
g6|3 7
g6|3 1
g6|2 5
g6|2 4
g6|2 1
g6|1 3
g6|1 2
g6|1 0

#gn6HCCCOCCCCCC|GraphID|L
g6|23 10 5 11 14 9 4 2 1 3 7
g6|25 10 5 11 14 9 4 8 7 3 1
g6|25 10 5 11 14 9 4 2 1 3 7
g6|24 10 5 11 14 9 4 8 7 3 1
g6|24 10 5 11 14 9 4 2 1 3 7
g6|23 10 5 11 14 9 4 8 7 3 1

#gn6CCC|GraphID|L
g6|0 1 2
g6|15 11 5
g6|12 7 8
g6|12 7 3
g6|11 5 10
g6|11 5 2
g6|10 5 11
g6|10 5 2
g6|9 4 8
g6|9 4 2
g6|8 7 12
g6|8 7 3
g6|8 4 9
g6|8 4 2
g6|7 8 4
g6|7 3 1
g6|5 11 15
g6|5 2 4
g6|5 2 1
g6|4 8 7
g6|4 2 5
g6|4 2 1
g6|3 7 8
g6|3 7 12
g6|3 1 2
g6|3 1 0
g6|2 5 11
g6|2 5 10
g6|2 4 9
g6|2 4 8
g6|2 1 3
g6|2 1 0
g6|1 3 7
g6|1 2 5
g6|1 2 4
g6|0 1 3

#gn6CCCC|GraphID|L
g6|0 1 2 4
g6|15 11 5 10
g6|15 11 5 2
g6|12 7 8 4
g6|12 7 3 1
g6|11 5 2 4
g6|11 5 2 1
g6|10 5 11 15
g6|10 5 2 4
g6|10 5 2 1
g6|9 4 8 7
g6|9 4 2 5
g6|9 4 2 1
g6|8 7 3 1
g6|8 4 2 5
g6|8 4 2 1
g6|7 8 4 9
g6|7 8 4 2
g6|7 3 1 2
g6|7 3 1 0
g6|5 2 4 9
g6|5 2 4 8
g6|5 2 1 3
g6|5 2 1 0
g6|4 8 7 12
g6|4 8 7 3
g6|4 2 5 11
g6|4 2 5 10
g6|4 2 1 3
g6|4 2 1 0
g6|3 7 8 4
g6|3 1 2 5
g6|3 1 2 4
g6|2 5 11 15
g6|2 4 8 7
g6|2 1 3 7
g6|1 3 7 8
g6|1 3 7 12
g6|1 2 5 11
g6|1 2 5 10
g6|1 2 4 9
g6|1 2 4 8
g6|0 1 3 7
g6|0 1 2 5

#gn6CCCCC|GraphID|L
g6|0 1 2 4 8
g6|15 11 5 2 4
g6|15 11 5 2 1
g6|12 7 8 4 9
g6|12 7 8 4 2
g6|12 7 3 1 2
g6|12 7 3 1 0
g6|11 5 2 4 9
g6|11 5 2 4 8
g6|11 5 2 1 3
g6|11 5 2 1 0
g6|10 5 2 4 9
g6|10 5 2 4 8
g6|10 5 2 1 3
g6|10 5 2 1 0
g6|9 4 8 7 12
g6|9 4 8 7 3
g6|9 4 2 5 11
g6|9 4 2 5 10
g6|9 4 2 1 3
g6|9 4 2 1 0
g6|8 7 3 1 2
g6|8 7 3 1 0
g6|8 4 2 5 11
g6|8 4 2 5 10
g6|8 4 2 1 3
g6|8 4 2 1 0
g6|7 8 4 2 5
g6|7 8 4 2 1
g6|7 3 1 2 5
g6|7 3 1 2 4
g6|5 2 4 8 7
g6|5 2 1 3 7
g6|4 8 7 3 1
g6|4 2 5 11 15
g6|4 2 1 3 7
g6|3 7 8 4 9
g6|3 7 8 4 2
g6|3 1 2 5 11
g6|3 1 2 5 10
g6|3 1 2 4 9
g6|3 1 2 4 8
g6|2 4 8 7 12
g6|2 4 8 7 3
g6|2 1 3 7 8
g6|2 1 3 7 12
g6|1 3 7 8 4
g6|1 2 5 11 15
g6|1 2 4 8 7
g6|0 1 3 7 8
g6|0 1 3 7 12
g6|0 1 2 5 11
g6|0 1 2 5 10
g6|0 1 2 4 9

#gn6CCCCCC|GraphID|L
g6|0 1 2 4 8 7
g6|15 11 5 2 4 9
g6|15 11 5 2 4 8
g6|15 11 5 2 1 3
g6|15 11 5 2 1 0
g6|12 7 8 4 2 5
g6|12 7 8 4 2 1
g6|12 7 3 1 2 5
g6|12 7 3 1 2 4
g6|11 5 2 4 8 7
g6|11 5 2 1 3 7
g6|10 5 2 4 8 7
g6|10 5 2 1 3 7
g6|9 4 8 7 3 1
g6|9 4 2 5 11 15
g6|9 4 2 1 3 7
g6|8 7 3 1 2 5
g6|8 7 3 1 2 4
g6|8 4 2 5 11 15
g6|8 4 2 1 3 7
g6|7 8 4 2 5 11
g6|7 8 4 2 5 10
g6|7 8 4 2 1 3
g6|7 8 4 2 1 0
g6|7 3 1 2 5 11
g6|7 3 1 2 5 10
g6|7 3 1 2 4 9
g6|7 3 1 2 4 8
g6|5 2 4 8 7 12
g6|5 2 4 8 7 3
g6|5 2 1 3 7 8
g6|5 2 1 3 7 12
g6|4 8 7 3 1 2
g6|4 8 7 3 1 0
g6|4 2 1 3 7 8
g6|4 2 1 3 7 12
g6|3 7 8 4 2 5
g6|3 7 8 4 2 1
g6|3 1 2 5 11 15
g6|3 1 2 4 8 7
g6|2 4 8 7 3 1
g6|2 1 3 7 8 4
g6|1 3 7 8 4 9
g6|1 3 7 8 4 2
g6|1 2 4 8 7 12
g6|1 2 4 8 7 3
g6|0 1 3 7 8 4
g6|0 1 2 5 11 15

#gn6CCCCCCC|GraphID|L
g6|0 1 2 4 8 7 3
g6|15 11 5 2 4 8 7
g6|15 11 5 2 1 3 7
g6|12 7 8 4 2 5 11
g6|12 7 8 4 2 5 10
g6|12 7 8 4 2 1 3
g6|12 7 8 4 2 1 0
g6|12 7 3 1 2 5 11
g6|12 7 3 1 2 5 10
g6|12 7 3 1 2 4 9
g6|12 7 3 1 2 4 8
g6|11 5 2 4 8 7 12
g6|11 5 2 4 8 7 3
g6|11 5 2 1 3 7 8
g6|11 5 2 1 3 7 12
g6|10 5 2 4 8 7 12
g6|10 5 2 4 8 7 3
g6|10 5 2 1 3 7 8
g6|10 5 2 1 3 7 12
g6|9 4 8 7 3 1 2
g6|9 4 8 7 3 1 0
g6|9 4 2 1 3 7 8
g6|9 4 2 1 3 7 12
g6|8 7 3 1 2 5 11
g6|8 7 3 1 2 5 10
g6|8 7 3 1 2 4 9
g6|8 7 3 1 2 4 8
g6|8 4 2 1 3 7 8
g6|8 4 2 1 3 7 12
g6|7 8 4 2 5 11 15
g6|7 8 4 2 1 3 7
g6|7 3 1 2 5 11 15
g6|7 3 1 2 4 8 7
g6|5 2 4 8 7 3 1
g6|5 2 1 3 7 8 4
g6|4 8 7 3 1 2 5
g6|4 8 7 3 1 2 4
g6|4 2 1 3 7 8 4
g6|3 7 8 4 2 5 11
g6|3 7 8 4 2 5 10
g6|3 7 8 4 2 1 3
g6|3 7 8 4 2 1 0
g6|3 1 2 4 8 7 12
g6|3 1 2 4 8 7 3
g6|2 4 8 7 3 1 2
g6|2 4 8 7 3 1 0
g6|2 1 3 7 8 4 9
g6|2 1 3 7 8 4 2
g6|1 3 7 8 4 2 5
g6|1 3 7 8 4 2 1
g6|1 2 4 8 7 3 1
g6|0 1 3 7 8 4 9
g6|0 1 3 7 8 4 2
g6|0 1 2 4 8 7 12

#gn6CCCCCCCC|GraphID|L
g6|0 1 2 4 8 7 3 1
g6|15 11 5 2 4 8 7 12
g6|15 11 5 2 4 8 7 3
g6|15 11 5 2 1 3 7 8
g6|15 11 5 2 1 3 7 12
g6|12 7 8 4 2 5 11 15
g6|12 7 8 4 2 1 3 7
g6|12 7 3 1 2 5 11 15
g6|12 7 3 1 2 4 8 7
g6|11 5 2 4 8 7 3 1
g6|11 5 2 1 3 7 8 4
g6|10 5 2 4 8 7 3 1
g6|10 5 2 1 3 7 8 4
g6|9 4 8 7 3 1 2 5
g6|9 4 8 7 3 1 2 4
g6|9 4 2 1 3 7 8 4
g6|8 7 3 1 2 5 11 15
g6|7 8 4 2 1 3 7 12
g6|7 3 1 2 4 8 7 12
g6|5 2 4 8 7 3 1 2
g6|5 2 4 8 7 3 1 0
g6|5 2 1 3 7 8 4 9
g6|5 2 1 3 7 8 4 2
g6|4 8 7 3 1 2 5 11
g6|4 8 7 3 1 2 5 10
g6|4 8 7 3 1 2 4 9
g6|4 2 1 3 7 8 4 9
g6|3 7 8 4 2 5 11 15
g6|2 4 8 7 3 1 2 5
g6|2 1 3 7 8 4 2 5
g6|1 3 7 8 4 2 5 11
g6|1 3 7 8 4 2 5 10
g6|1 3 7 8 4 2 1 0
g6|1 2 4 8 7 3 1 0
g6|0 1 3 7 8 4 2 5
g6|0 1 3 7 8 4 2 1

#gn6CCCCCCCO|GraphID|L
g6|0 1 2 4 8 7 3 6
g6|12 7 8 4 2 5 11 14
g6|12 7 8 4 2 1 3 6
g6|12 7 3 1 2 5 11 14
g6|12 7 3 1 2 4 9 14
g6|12 7 3 1 2 4 8 13
g6|11 5 2 4 8 7 12 17
g6|11 5 2 4 8 7 12 16
g6|11 5 2 4 8 7 3 6
g6|11 5 2 1 3 7 8 13
g6|11 5 2 1 3 7 12 17
g6|11 5 2 1 3 7 12 16
g6|10 5 2 4 8 7 12 17
g6|10 5 2 4 8 7 12 16
g6|10 5 2 4 8 7 3 6
g6|10 5 2 1 3 7 8 13
g6|10 5 2 1 3 7 12 17
g6|10 5 2 1 3 7 12 16
g6|9 4 2 1 3 7 8 13
g6|9 4 2 1 3 7 12 17
g6|9 4 2 1 3 7 12 16
g6|8 7 3 1 2 5 11 14
g6|8 7 3 1 2 4 9 14
g6|8 7 3 1 2 4 8 13
g6|8 4 2 1 3 7 8 13
g6|8 4 2 1 3 7 12 17
g6|8 4 2 1 3 7 12 16
g6|3 7 8 4 2 5 11 14
g6|3 7 8 4 2 1 3 6
g6|3 1 2 4 8 7 12 17
g6|3 1 2 4 8 7 12 16
g6|3 1 2 4 8 7 3 6
g6|2 1 3 7 8 4 9 14
g6|0 1 3 7 8 4 9 14
g6|0 1 2 4 8 7 12 17
g6|0 1 2 4 8 7 12 16

#gn6CCCCCCCOH|GraphID|L
g6|0 1 2 4 8 7 12 17 31
g6|12 7 3 1 2 4 8 13 27
g6|11 5 2 4 8 7 12 17 31
g6|11 5 2 1 3 7 8 13 27
g6|11 5 2 1 3 7 12 17 31
g6|10 5 2 4 8 7 12 17 31
g6|10 5 2 1 3 7 8 13 27
g6|10 5 2 1 3 7 12 17 31
g6|9 4 2 1 3 7 8 13 27
g6|9 4 2 1 3 7 12 17 31
g6|8 7 3 1 2 4 8 13 27
g6|8 4 2 1 3 7 8 13 27
g6|8 4 2 1 3 7 12 17 31
g6|3 1 2 4 8 7 12 17 31

#gn6CCCCCO|GraphID|L
g6|0 1 2 4 8 13
g6|12 7 8 4 9 14
g6|11 5 2 4 9 14
g6|11 5 2 4 8 13
g6|11 5 2 1 3 6
g6|10 5 2 4 9 14
g6|10 5 2 4 8 13
g6|10 5 2 1 3 6
g6|9 4 8 7 12 17
g6|9 4 8 7 12 16
g6|9 4 8 7 3 6
g6|9 4 2 5 11 14
g6|9 4 2 1 3 6
g6|8 4 2 5 11 14
g6|8 4 2 1 3 6
g6|3 7 8 4 9 14
g6|3 1 2 5 11 14
g6|3 1 2 4 9 14
g6|3 1 2 4 8 13
g6|2 4 8 7 12 17
g6|2 4 8 7 12 16
g6|2 4 8 7 3 6
g6|2 1 3 7 8 13
g6|2 1 3 7 12 17
g6|2 1 3 7 12 16
g6|0 1 3 7 8 13
g6|0 1 3 7 12 17
g6|0 1 3 7 12 16
g6|0 1 2 5 11 14
g6|0 1 2 4 9 14

#gn6CCCCCOH|GraphID|L
g6|0 1 2 4 8 13 27
g6|11 5 2 4 8 13 27
g6|10 5 2 4 8 13 27
g6|9 4 8 7 12 17 31
g6|3 1 2 4 8 13 27
g6|2 4 8 7 12 17 31
g6|2 1 3 7 8 13 27
g6|2 1 3 7 12 17 31
g6|0 1 3 7 8 13 27
g6|0 1 3 7 12 17 31

#gn6CCCO|GraphID|L
g6|0 1 3 6
g6|12 7 8 13
g6|12 7 3 6
g6|10 5 11 14
g6|9 4 8 13
g6|8 7 12 17
g6|8 7 12 16
g6|8 7 3 6
g6|8 4 9 14
g6|3 7 8 13
g6|3 7 12 17
g6|3 7 12 16
g6|2 5 11 14
g6|2 4 9 14
g6|2 4 8 13
g6|2 1 3 6

#gn6CCCCCOC|GraphID|L
g6|0 1 2 4 9 14 11
g6|12 7 8 4 9 14 11
g6|11 5 2 4 9 14 11
g6|10 5 2 4 9 14 11
g6|9 4 2 5 11 14 9
g6|8 4 2 5 11 14 9
g6|3 7 8 4 9 14 11
g6|3 1 2 5 11 14 9
g6|3 1 2 4 9 14 11
g6|0 1 2 5 11 14 9

#gn6CCCCCOCC|GraphID|L
g6|0 1 2 4 9 14 11 5
g6|12 7 8 4 9 14 11 15
g6|12 7 8 4 9 14 11 5
g6|11 5 2 4 9 14 11 15
g6|10 5 2 4 9 14 11 15
g6|10 5 2 4 9 14 11 5
g6|8 4 2 5 11 14 9 4
g6|3 7 8 4 9 14 11 15
g6|3 7 8 4 9 14 11 5
g6|3 1 2 5 11 14 9 4
g6|3 1 2 4 9 14 11 15
g6|3 1 2 4 9 14 11 5
g6|0 1 2 5 11 14 9 4
g6|0 1 2 4 9 14 11 15

#gn6CCCCCOCCC|GraphID|L
g6|0 1 2 4 9 14 11 5 2
g6|12 7 8 4 9 14 11 5 10
g6|12 7 8 4 9 14 11 5 2
g6|3 7 8 4 9 14 11 5 10
g6|3 7 8 4 9 14 11 5 2
g6|3 1 2 5 11 14 9 4 8
g6|3 1 2 5 11 14 9 4 2
g6|3 1 2 4 9 14 11 5 10
g6|3 1 2 4 9 14 11 5 2
g6|0 1 2 5 11 14 9 4 8
g6|0 1 2 5 11 14 9 4 2
g6|0 1 2 4 9 14 11 5 10

#gn6CCCCCOCCCH|GraphID|L
g6|0 1 2 4 9 14 11 5 10 23
g6|12 7 8 4 9 14 11 5 10 25
g6|12 7 8 4 9 14 11 5 10 24
g6|12 7 8 4 9 14 11 5 10 23
g6|3 7 8 4 9 14 11 5 10 25
g6|3 7 8 4 9 14 11 5 10 24
g6|3 7 8 4 9 14 11 5 10 23
g6|3 1 2 4 9 14 11 5 10 25
g6|3 1 2 4 9 14 11 5 10 24
g6|3 1 2 4 9 14 11 5 10 23
g6|0 1 2 4 9 14 11 5 10 25
g6|0 1 2 4 9 14 11 5 10 24

#gn6CCCCCOCCH|GraphID|L
g6|0 1 2 4 9 14 11 5 21
g6|12 7 8 4 9 14 11 15 30
g6|12 7 8 4 9 14 11 15 29
g6|12 7 8 4 9 14 11 15 28
g6|12 7 8 4 9 14 11 5 21
g6|11 5 2 4 9 14 11 15 30
g6|11 5 2 4 9 14 11 15 29
g6|11 5 2 4 9 14 11 15 28
g6|10 5 2 4 9 14 11 15 30
g6|10 5 2 4 9 14 11 15 29
g6|10 5 2 4 9 14 11 15 28
g6|10 5 2 4 9 14 11 5 21
g6|3 7 8 4 9 14 11 15 30
g6|3 7 8 4 9 14 11 15 29
g6|3 7 8 4 9 14 11 15 28
g6|3 7 8 4 9 14 11 5 21
g6|3 1 2 4 9 14 11 15 30
g6|3 1 2 4 9 14 11 15 29
g6|3 1 2 4 9 14 11 15 28
g6|3 1 2 4 9 14 11 5 21
g6|0 1 2 4 9 14 11 15 30
g6|0 1 2 4 9 14 11 15 29
g6|0 1 2 4 9 14 11 15 28

#gn6CCCCCOCH|GraphID|L
g6|0 1 2 4 9 14 11 26
g6|12 7 8 4 9 14 11 26
g6|11 5 2 4 9 14 11 26
g6|10 5 2 4 9 14 11 26
g6|9 4 2 5 11 14 9 22
g6|8 4 2 5 11 14 9 22
g6|3 7 8 4 9 14 11 26
g6|3 1 2 5 11 14 9 22
g6|3 1 2 4 9 14 11 26
g6|0 1 2 5 11 14 9 22

#gn6CCCCCH|GraphID|L
g6|0 1 2 4 9 22
g6|12 7 8 4 9 22
g6|12 7 3 1 0 20
g6|12 7 3 1 0 19
g6|12 7 3 1 0 18
g6|11 5 2 4 9 22
g6|11 5 2 1 0 20
g6|11 5 2 1 0 19
g6|11 5 2 1 0 18
g6|10 5 2 4 9 22
g6|10 5 2 1 0 20
g6|10 5 2 1 0 19
g6|10 5 2 1 0 18
g6|9 4 2 5 11 26
g6|9 4 2 5 10 25
g6|9 4 2 5 10 24
g6|9 4 2 5 10 23
g6|9 4 2 1 0 20
g6|9 4 2 1 0 19
g6|9 4 2 1 0 18
g6|8 7 3 1 0 20
g6|8 7 3 1 0 19
g6|8 7 3 1 0 18
g6|8 4 2 5 11 26
g6|8 4 2 5 10 25
g6|8 4 2 5 10 24
g6|8 4 2 5 10 23
g6|8 4 2 1 0 20
g6|8 4 2 1 0 19
g6|8 4 2 1 0 18
g6|7 8 4 2 5 21
g6|7 3 1 2 5 21
g6|4 2 5 11 15 30
g6|4 2 5 11 15 29
g6|4 2 5 11 15 28
g6|3 7 8 4 9 22
g6|3 1 2 5 11 26
g6|3 1 2 5 10 25
g6|3 1 2 5 10 24
g6|3 1 2 5 10 23
g6|3 1 2 4 9 22
g6|1 2 5 11 15 30
g6|1 2 5 11 15 29
g6|1 2 5 11 15 28
g6|0 1 2 5 11 26
g6|0 1 2 5 10 25
g6|0 1 2 5 10 24
g6|0 1 2 5 10 23

#gn6CCCCCCH|GraphID|L
g6|0 1 2 5 11 15 28
g6|15 11 5 2 4 9 22
g6|15 11 5 2 1 0 20
g6|15 11 5 2 1 0 19
g6|15 11 5 2 1 0 18
g6|12 7 8 4 2 5 21
g6|12 7 3 1 2 5 21
g6|9 4 2 5 11 15 30
g6|9 4 2 5 11 15 29
g6|9 4 2 5 11 15 28
g6|8 7 3 1 2 5 21
g6|8 4 2 5 11 15 30
g6|8 4 2 5 11 15 29
g6|8 4 2 5 11 15 28
g6|7 8 4 2 5 11 26
g6|7 8 4 2 5 10 25
g6|7 8 4 2 5 10 24
g6|7 8 4 2 5 10 23
g6|7 8 4 2 1 0 20
g6|7 8 4 2 1 0 19
g6|7 8 4 2 1 0 18
g6|7 3 1 2 5 11 26
g6|7 3 1 2 5 10 25
g6|7 3 1 2 5 10 24
g6|7 3 1 2 5 10 23
g6|7 3 1 2 4 9 22
g6|4 8 7 3 1 0 20
g6|4 8 7 3 1 0 19
g6|4 8 7 3 1 0 18
g6|3 7 8 4 2 5 21
g6|3 1 2 5 11 15 30
g6|3 1 2 5 11 15 29
g6|3 1 2 5 11 15 28
g6|1 3 7 8 4 9 22
g6|0 1 2 5 11 15 30
g6|0 1 2 5 11 15 29

#gn6CCCCCOCCCC|GraphID|L
g6|0 1 2 5 11 14 9 4 8 7
g6|12 7 8 4 9 14 11 5 2 4
g6|12 7 8 4 9 14 11 5 2 1
g6|3 7 8 4 9 14 11 5 2 4
g6|3 7 8 4 9 14 11 5 2 1
g6|3 1 2 5 11 14 9 4 8 7

#gn6CCCCCOCCCCC|GraphID|L
g6|0 1 2 5 11 14 9 4 8 7 3
g6|12 7 8 4 9 14 11 5 2 1 3
g6|12 7 8 4 9 14 11 5 2 1 0
g6|3 7 8 4 9 14 11 5 2 1 3
g6|3 7 8 4 9 14 11 5 2 1 0
g6|3 1 2 5 11 14 9 4 8 7 12
g6|3 1 2 5 11 14 9 4 8 7 3
g6|0 1 2 5 11 14 9 4 8 7 12

#gn6CCCCCOCCCO|GraphID|L
g6|0 1 2 5 11 14 9 4 8 13
g6|3 1 2 5 11 14 9 4 8 13

#gn6CCCCCOCCCOH|GraphID|L
g6|0 1 2 5 11 14 9 4 8 13 27
g6|3 1 2 5 11 14 9 4 8 13 27

#gn6CCCCH|GraphID|L
g6|0 1 2 5 21
g6|15 11 5 10 25
g6|15 11 5 10 24
g6|15 11 5 10 23
g6|10 5 11 15 30
g6|10 5 11 15 29
g6|10 5 11 15 28
g6|9 4 2 5 21
g6|8 4 2 5 21
g6|7 8 4 9 22
g6|7 3 1 0 20
g6|7 3 1 0 19
g6|7 3 1 0 18
g6|5 2 4 9 22
g6|5 2 1 0 20
g6|5 2 1 0 19
g6|5 2 1 0 18
g6|4 2 5 11 26
g6|4 2 5 10 25
g6|4 2 5 10 24
g6|4 2 5 10 23
g6|4 2 1 0 20
g6|4 2 1 0 19
g6|4 2 1 0 18
g6|3 1 2 5 21
g6|2 5 11 15 30
g6|2 5 11 15 29
g6|2 5 11 15 28
g6|1 2 5 11 26
g6|1 2 5 10 25
g6|1 2 5 10 24
g6|1 2 5 10 23
g6|1 2 4 9 22

#gn6CCCCCCCCC|GraphID|L
g6|0 1 3 7 8 4 2 5 10
g6|15 11 5 2 4 8 7 3 1
g6|15 11 5 2 1 3 7 8 4
g6|11 5 2 4 8 7 3 1 2
g6|11 5 2 4 8 7 3 1 0
g6|11 5 2 1 3 7 8 4 9
g6|11 5 2 1 3 7 8 4 2
g6|10 5 2 4 8 7 3 1 2
g6|10 5 2 4 8 7 3 1 0
g6|10 5 2 1 3 7 8 4 9
g6|10 5 2 1 3 7 8 4 2
g6|9 4 8 7 3 1 2 5 11
g6|9 4 8 7 3 1 2 5 10
g6|4 8 7 3 1 2 5 11 15
g6|2 4 8 7 3 1 2 5 11
g6|2 4 8 7 3 1 2 5 10
g6|2 1 3 7 8 4 2 5 11
g6|2 1 3 7 8 4 2 5 10
g6|1 3 7 8 4 2 5 11 15
g6|0 1 3 7 8 4 2 5 11

#gn6CCCCCCCCCH|GraphID|L
g6|0 1 3 7 8 4 2 5 10 23
g6|11 5 2 4 8 7 3 1 0 20
g6|11 5 2 4 8 7 3 1 0 19
g6|11 5 2 4 8 7 3 1 0 18
g6|11 5 2 1 3 7 8 4 9 22
g6|10 5 2 4 8 7 3 1 0 20
g6|10 5 2 4 8 7 3 1 0 19
g6|10 5 2 4 8 7 3 1 0 18
g6|10 5 2 1 3 7 8 4 9 22
g6|9 4 8 7 3 1 2 5 11 26
g6|9 4 8 7 3 1 2 5 10 25
g6|9 4 8 7 3 1 2 5 10 24
g6|9 4 8 7 3 1 2 5 10 23
g6|4 8 7 3 1 2 5 11 15 30
g6|4 8 7 3 1 2 5 11 15 29
g6|4 8 7 3 1 2 5 11 15 28
g6|2 4 8 7 3 1 2 5 11 26
g6|2 4 8 7 3 1 2 5 10 25
g6|2 4 8 7 3 1 2 5 10 24
g6|2 4 8 7 3 1 2 5 10 23
g6|2 1 3 7 8 4 2 5 11 26
g6|2 1 3 7 8 4 2 5 10 25
g6|2 1 3 7 8 4 2 5 10 24
g6|2 1 3 7 8 4 2 5 10 23
g6|1 3 7 8 4 2 5 11 15 30
g6|1 3 7 8 4 2 5 11 15 29
g6|1 3 7 8 4 2 5 11 15 28
g6|0 1 3 7 8 4 2 5 11 26
g6|0 1 3 7 8 4 2 5 10 25
g6|0 1 3 7 8 4 2 5 10 24

#gn6CCCCCCCCCC|GraphID|L
g6|0 1 3 7 8 4 2 5 11 15
g6|15 11 5 2 4 8 7 3 1 2
g6|15 11 5 2 4 8 7 3 1 0
g6|15 11 5 2 1 3 7 8 4 9
g6|15 11 5 2 1 3 7 8 4 2
g6|9 4 8 7 3 1 2 5 11 15
g6|2 4 8 7 3 1 2 5 11 15
g6|2 1 3 7 8 4 2 5 11 15

#gn6CCCCCCOCCCO|GraphID|L
g6|7 3 1 2 5 11 14 9 4 8 13

#gn6CCCCCCCCCCH|GraphID|L
g6|0 1 3 7 8 4 2 5 11 15 28
g6|15 11 5 2 4 8 7 3 1 0 20
g6|15 11 5 2 4 8 7 3 1 0 19
g6|15 11 5 2 4 8 7 3 1 0 18
g6|15 11 5 2 1 3 7 8 4 9 22
g6|9 4 8 7 3 1 2 5 11 15 30
g6|9 4 8 7 3 1 2 5 11 15 29
g6|9 4 8 7 3 1 2 5 11 15 28
g6|2 4 8 7 3 1 2 5 11 15 30
g6|2 4 8 7 3 1 2 5 11 15 29
g6|2 4 8 7 3 1 2 5 11 15 28
g6|2 1 3 7 8 4 2 5 11 15 30
g6|2 1 3 7 8 4 2 5 11 15 29
g6|2 1 3 7 8 4 2 5 11 15 28
g6|0 1 3 7 8 4 2 5 11 15 30
g6|0 1 3 7 8 4 2 5 11 15 29

#gn6CCCCCCCCCO|GraphID|L
g6|0 1 3 7 8 4 2 5 11 14
g6|11 5 2 1 3 7 8 4 9 14
g6|10 5 2 1 3 7 8 4 9 14
g6|9 4 8 7 3 1 2 5 11 14
g6|2 4 8 7 3 1 2 5 11 14
g6|2 1 3 7 8 4 2 5 11 14

#gn6CCCCCCCCCOC|GraphID|L
g6|0 1 3 7 8 4 2 5 11 14 9
g6|11 5 2 1 3 7 8 4 9 14 11
g6|10 5 2 1 3 7 8 4 9 14 11
g6|9 4 8 7 3 1 2 5 11 14 9
g6|2 4 8 7 3 1 2 5 11 14 9
g6|2 1 3 7 8 4 2 5 11 14 9

#gn6CCCCCCCCH|GraphID|L
g6|0 1 3 7 8 4 2 5 21
g6|12 7 8 4 2 5 11 15 30
g6|12 7 8 4 2 5 11 15 29
g6|12 7 8 4 2 5 11 15 28
g6|12 7 3 1 2 5 11 15 30
g6|12 7 3 1 2 5 11 15 29
g6|12 7 3 1 2 5 11 15 28
g6|9 4 8 7 3 1 2 5 21
g6|8 7 3 1 2 5 11 15 30
g6|8 7 3 1 2 5 11 15 29
g6|8 7 3 1 2 5 11 15 28
g6|5 2 4 8 7 3 1 0 20
g6|5 2 4 8 7 3 1 0 19
g6|5 2 4 8 7 3 1 0 18
g6|5 2 1 3 7 8 4 9 22
g6|4 8 7 3 1 2 5 11 26
g6|4 8 7 3 1 2 5 10 25
g6|4 8 7 3 1 2 5 10 24
g6|4 8 7 3 1 2 5 10 23
g6|4 8 7 3 1 2 4 9 22
g6|4 2 1 3 7 8 4 9 22
g6|3 7 8 4 2 5 11 15 30
g6|3 7 8 4 2 5 11 15 29
g6|3 7 8 4 2 5 11 15 28
g6|2 4 8 7 3 1 2 5 21
g6|2 1 3 7 8 4 2 5 21
g6|1 3 7 8 4 2 5 11 26
g6|1 3 7 8 4 2 5 10 25
g6|1 3 7 8 4 2 5 10 24
g6|1 3 7 8 4 2 5 10 23
g6|1 3 7 8 4 2 1 0 20
g6|1 3 7 8 4 2 1 0 19
g6|1 3 7 8 4 2 1 0 18
g6|1 2 4 8 7 3 1 0 20
g6|1 2 4 8 7 3 1 0 19
g6|1 2 4 8 7 3 1 0 18

#gn6HCOCCCC|GraphID|L
g6|22 9 14 11 5 2 1
g6|26 11 14 9 4 8 7
g6|26 11 14 9 4 2 5
g6|26 11 14 9 4 2 1
g6|22 9 14 11 5 2 4

#gn6CCCCCCCOC|GraphID|L
g6|0 1 3 7 8 4 9 14 11
g6|12 7 8 4 2 5 11 14 9
g6|12 7 3 1 2 5 11 14 9
g6|12 7 3 1 2 4 9 14 11
g6|8 7 3 1 2 5 11 14 9
g6|8 7 3 1 2 4 9 14 11
g6|3 7 8 4 2 5 11 14 9
g6|2 1 3 7 8 4 9 14 11

#gn6CCCCCCCOCC|GraphID|L
g6|0 1 3 7 8 4 9 14 11 5
g6|12 7 8 4 2 5 11 14 9 4
g6|12 7 3 1 2 5 11 14 9 4
g6|12 7 3 1 2 4 9 14 11 15
g6|12 7 3 1 2 4 9 14 11 5
g6|8 7 3 1 2 5 11 14 9 4
g6|8 7 3 1 2 4 9 14 11 15
g6|8 7 3 1 2 4 9 14 11 5
g6|3 7 8 4 2 5 11 14 9 4
g6|2 1 3 7 8 4 9 14 11 15
g6|2 1 3 7 8 4 9 14 11 5
g6|0 1 3 7 8 4 9 14 11 15

#gn6CCCOCCCCCOH|GraphID|L
g6|2 5 11 14 9 4 8 7 12 17 31
g6|10 5 11 14 9 4 8 7 12 17 31

#gn6CCCCCCCOCCC|GraphID|L
g6|0 1 3 7 8 4 9 14 11 5 2
g6|12 7 3 1 2 5 11 14 9 4 8
g6|12 7 3 1 2 5 11 14 9 4 2
g6|12 7 3 1 2 4 9 14 11 5 10
g6|12 7 3 1 2 4 9 14 11 5 2
g6|8 7 3 1 2 5 11 14 9 4 8
g6|8 7 3 1 2 5 11 14 9 4 2
g6|8 7 3 1 2 4 9 14 11 5 10
g6|8 7 3 1 2 4 9 14 11 5 2
g6|2 1 3 7 8 4 9 14 11 5 10
g6|2 1 3 7 8 4 9 14 11 5 2
g6|0 1 3 7 8 4 9 14 11 5 10

#gn6HCCOCCCOH|GraphID|L
g6|21 5 11 14 9 4 8 13 27
g6|30 15 11 14 9 4 8 13 27
g6|29 15 11 14 9 4 8 13 27
g6|28 15 11 14 9 4 8 13 27

#gn6CCCCCCCOCCH|GraphID|L
g6|0 1 3 7 8 4 9 14 11 5 21
g6|12 7 3 1 2 4 9 14 11 15 30
g6|12 7 3 1 2 4 9 14 11 15 29
g6|12 7 3 1 2 4 9 14 11 15 28
g6|12 7 3 1 2 4 9 14 11 5 21
g6|8 7 3 1 2 4 9 14 11 15 30
g6|8 7 3 1 2 4 9 14 11 15 29
g6|8 7 3 1 2 4 9 14 11 15 28
g6|8 7 3 1 2 4 9 14 11 5 21
g6|2 1 3 7 8 4 9 14 11 15 30
g6|2 1 3 7 8 4 9 14 11 15 29
g6|2 1 3 7 8 4 9 14 11 15 28
g6|2 1 3 7 8 4 9 14 11 5 21
g6|0 1 3 7 8 4 9 14 11 15 30
g6|0 1 3 7 8 4 9 14 11 15 29
g6|0 1 3 7 8 4 9 14 11 15 28

#gn6CCCCCCCOCH|GraphID|L
g6|0 1 3 7 8 4 9 14 11 26
g6|12 7 8 4 2 5 11 14 9 22
g6|12 7 3 1 2 5 11 14 9 22
g6|12 7 3 1 2 4 9 14 11 26
g6|8 7 3 1 2 5 11 14 9 22
g6|8 7 3 1 2 4 9 14 11 26
g6|3 7 8 4 2 5 11 14 9 22
g6|2 1 3 7 8 4 9 14 11 26

#gn6CCCCCCCH|GraphID|L
g6|0 1 3 7 8 4 9 22
g6|12 7 8 4 2 5 11 26
g6|12 7 8 4 2 5 10 25
g6|12 7 8 4 2 5 10 24
g6|12 7 8 4 2 5 10 23
g6|12 7 8 4 2 1 0 20
g6|12 7 8 4 2 1 0 19
g6|12 7 8 4 2 1 0 18
g6|12 7 3 1 2 5 11 26
g6|12 7 3 1 2 5 10 25
g6|12 7 3 1 2 5 10 24
g6|12 7 3 1 2 5 10 23
g6|12 7 3 1 2 4 9 22
g6|9 4 8 7 3 1 0 20
g6|9 4 8 7 3 1 0 19
g6|9 4 8 7 3 1 0 18
g6|8 7 3 1 2 5 11 26
g6|8 7 3 1 2 5 10 25
g6|8 7 3 1 2 5 10 24
g6|8 7 3 1 2 5 10 23
g6|8 7 3 1 2 4 9 22
g6|7 8 4 2 5 11 15 30
g6|7 8 4 2 5 11 15 29
g6|7 8 4 2 5 11 15 28
g6|7 3 1 2 5 11 15 30
g6|7 3 1 2 5 11 15 29
g6|7 3 1 2 5 11 15 28
g6|4 8 7 3 1 2 5 21
g6|3 7 8 4 2 5 11 26
g6|3 7 8 4 2 5 10 25
g6|3 7 8 4 2 5 10 24
g6|3 7 8 4 2 5 10 23
g6|3 7 8 4 2 1 0 20
g6|3 7 8 4 2 1 0 19
g6|3 7 8 4 2 1 0 18
g6|2 4 8 7 3 1 0 20
g6|2 4 8 7 3 1 0 19
g6|2 4 8 7 3 1 0 18
g6|2 1 3 7 8 4 9 22
g6|1 3 7 8 4 2 5 21

#gn6CH|GraphID|L
g6|0 18
g6|15 30
g6|15 29
g6|15 28
g6|11 26
g6|10 25
g6|10 24
g6|10 23
g6|9 22
g6|5 21
g6|0 20
g6|0 19

#gn6HCCCOCCCCCH|GraphID|L
g6|23 10 5 11 14 9 4 2 1 0 18
g6|25 10 5 11 14 9 4 2 1 0 20
g6|25 10 5 11 14 9 4 2 1 0 19
g6|25 10 5 11 14 9 4 2 1 0 18
g6|24 10 5 11 14 9 4 2 1 0 20
g6|24 10 5 11 14 9 4 2 1 0 19
g6|24 10 5 11 14 9 4 2 1 0 18
g6|23 10 5 11 14 9 4 2 1 0 20
g6|23 10 5 11 14 9 4 2 1 0 19

#gn6CCH|GraphID|L
g6|1 0 18
g6|15 11 26
g6|11 15 30
g6|11 15 29
g6|11 15 28
g6|11 5 21
g6|10 5 21
g6|5 11 26
g6|5 10 25
g6|5 10 24
g6|5 10 23
g6|4 9 22
g6|2 5 21
g6|1 0 20
g6|1 0 19

#gn6CCCCCCO|GraphID|L
g6|1 2 4 8 7 3 6
g6|15 11 5 2 4 9 14
g6|15 11 5 2 4 8 13
g6|15 11 5 2 1 3 6
g6|7 8 4 2 5 11 14
g6|7 8 4 2 1 3 6
g6|7 3 1 2 5 11 14
g6|7 3 1 2 4 9 14
g6|7 3 1 2 4 8 13
g6|5 2 4 8 7 12 17
g6|5 2 4 8 7 12 16
g6|5 2 4 8 7 3 6
g6|5 2 1 3 7 8 13
g6|5 2 1 3 7 12 17
g6|5 2 1 3 7 12 16
g6|4 2 1 3 7 8 13
g6|4 2 1 3 7 12 17
g6|4 2 1 3 7 12 16
g6|1 3 7 8 4 9 14
g6|1 2 4 8 7 12 17
g6|1 2 4 8 7 12 16

#gn6OCCCCCCCOCC|GraphID|L
g6|6 3 7 8 4 2 5 11 14 9 4
g6|17 12 7 8 4 2 5 11 14 9 4
g6|17 12 7 3 1 2 5 11 14 9 4
g6|17 12 7 3 1 2 4 9 14 11 15
g6|17 12 7 3 1 2 4 9 14 11 5
g6|16 12 7 8 4 2 5 11 14 9 4
g6|16 12 7 3 1 2 5 11 14 9 4
g6|16 12 7 3 1 2 4 9 14 11 15
g6|16 12 7 3 1 2 4 9 14 11 5
g6|13 8 7 3 1 2 5 11 14 9 4
g6|13 8 7 3 1 2 4 9 14 11 15
g6|13 8 7 3 1 2 4 9 14 11 5

#gn6CCCCCCOH|GraphID|L
g6|1 2 4 8 7 12 17 31
g6|15 11 5 2 4 8 13 27
g6|7 3 1 2 4 8 13 27
g6|5 2 4 8 7 12 17 31
g6|5 2 1 3 7 8 13 27
g6|5 2 1 3 7 12 17 31
g6|4 2 1 3 7 8 13 27
g6|4 2 1 3 7 12 17 31

#gn6CCCCO|GraphID|L
g6|1 2 4 8 13
g6|7 8 4 9 14
g6|5 2 4 9 14
g6|5 2 4 8 13
g6|5 2 1 3 6
g6|4 8 7 12 17
g6|4 8 7 12 16
g6|4 8 7 3 6
g6|4 2 5 11 14
g6|4 2 1 3 6
g6|1 3 7 8 13
g6|1 3 7 12 17
g6|1 3 7 12 16
g6|1 2 5 11 14
g6|1 2 4 9 14

#gn6CCCCOH|GraphID|L
g6|1 2 4 8 13 27
g6|5 2 4 8 13 27
g6|4 8 7 12 17 31
g6|1 3 7 8 13 27
g6|1 3 7 12 17 31

#gn6CCCCOC|GraphID|L
g6|1 2 4 9 14 11
g6|7 8 4 9 14 11
g6|5 2 4 9 14 11
g6|4 2 5 11 14 9
g6|1 2 5 11 14 9

#gn6CCCCOCC|GraphID|L
g6|1 2 4 9 14 11 5
g6|7 8 4 9 14 11 15
g6|7 8 4 9 14 11 5
g6|5 2 4 9 14 11 15
g6|5 2 4 9 14 11 5
g6|4 2 5 11 14 9 4
g6|1 2 5 11 14 9 4
g6|1 2 4 9 14 11 15

#gn6CCCCOCCC|GraphID|L
g6|1 2 4 9 14 11 5 2
g6|7 8 4 9 14 11 5 10
g6|7 8 4 9 14 11 5 2
g6|5 2 4 9 14 11 5 10
g6|4 2 5 11 14 9 4 8
g6|1 2 5 11 14 9 4 8
g6|1 2 5 11 14 9 4 2
g6|1 2 4 9 14 11 5 10

#gn6CCCCOCCCH|GraphID|L
g6|1 2 4 9 14 11 5 10 23
g6|7 8 4 9 14 11 5 10 25
g6|7 8 4 9 14 11 5 10 24
g6|7 8 4 9 14 11 5 10 23
g6|5 2 4 9 14 11 5 10 25
g6|5 2 4 9 14 11 5 10 24
g6|5 2 4 9 14 11 5 10 23
g6|1 2 4 9 14 11 5 10 25
g6|1 2 4 9 14 11 5 10 24

#gn6CCCCOCCH|GraphID|L
g6|1 2 4 9 14 11 5 21
g6|7 8 4 9 14 11 15 30
g6|7 8 4 9 14 11 15 29
g6|7 8 4 9 14 11 15 28
g6|7 8 4 9 14 11 5 21
g6|5 2 4 9 14 11 15 30
g6|5 2 4 9 14 11 15 29
g6|5 2 4 9 14 11 15 28
g6|5 2 4 9 14 11 5 21
g6|1 2 4 9 14 11 15 30
g6|1 2 4 9 14 11 15 29
g6|1 2 4 9 14 11 15 28

#gn6CCCCOCH|GraphID|L
g6|1 2 4 9 14 11 26
g6|7 8 4 9 14 11 26
g6|5 2 4 9 14 11 26
g6|4 2 5 11 14 9 22
g6|1 2 5 11 14 9 22

#gn6CCCCOCCCC|GraphID|L
g6|1 2 5 11 14 9 4 8 7
g6|7 8 4 9 14 11 5 2 4
g6|7 8 4 9 14 11 5 2 1
g6|4 2 5 11 14 9 4 8 7

#gn6HCOCCCCCH|GraphID|L
g6|22 9 14 11 5 2 1 0 18
g6|26 11 14 9 4 2 5 10 25
g6|26 11 14 9 4 2 5 10 24
g6|26 11 14 9 4 2 5 10 23
g6|26 11 14 9 4 2 1 0 20
g6|26 11 14 9 4 2 1 0 19
g6|26 11 14 9 4 2 1 0 18
g6|22 9 14 11 5 2 1 0 20
g6|22 9 14 11 5 2 1 0 19

#gn6CCCCOCCCCC|GraphID|L
g6|1 2 5 11 14 9 4 8 7 3
g6|7 8 4 9 14 11 5 2 1 3
g6|7 8 4 9 14 11 5 2 1 0
g6|4 2 5 11 14 9 4 8 7 12
g6|4 2 5 11 14 9 4 8 7 3
g6|1 2 5 11 14 9 4 8 7 12

#gn6CCCCOCCCCCC|GraphID|L
g6|1 2 5 11 14 9 4 8 7 3 1
g6|7 8 4 9 14 11 5 2 1 3 7
g6|4 2 5 11 14 9 4 8 7 3 1

#gn6CCCCOCCCCCO|GraphID|L
g6|1 2 5 11 14 9 4 8 7 3 6
g6|7 8 4 9 14 11 5 2 1 3 6
g6|4 2 5 11 14 9 4 8 7 12 17
g6|4 2 5 11 14 9 4 8 7 12 16
g6|4 2 5 11 14 9 4 8 7 3 6
g6|1 2 5 11 14 9 4 8 7 12 17
g6|1 2 5 11 14 9 4 8 7 12 16

#gn6CCCCOCCCO|GraphID|L
g6|1 2 5 11 14 9 4 8 13
g6|4 2 5 11 14 9 4 8 13

#gn6CCCCOCCCOH|GraphID|L
g6|1 2 5 11 14 9 4 8 13 27
g6|4 2 5 11 14 9 4 8 13 27

#gn6COCCCCCCC|GraphID|L
g6|9 14 11 5 2 1 3 7 12
g6|11 14 9 4 8 7 3 1 2
g6|11 14 9 4 8 7 3 1 0
g6|11 14 9 4 2 1 3 7 8
g6|11 14 9 4 2 1 3 7 12
g6|9 14 11 5 2 4 8 7 12
g6|9 14 11 5 2 4 8 7 3
g6|9 14 11 5 2 1 3 7 8

#gn6CCCH|GraphID|L
g6|1 2 5 21
g6|15 11 5 21
g6|11 5 10 25
g6|11 5 10 24
g6|11 5 10 23
g6|10 5 11 26
g6|8 4 9 22
g6|5 11 15 30
g6|5 11 15 29
g6|5 11 15 28
g6|4 2 5 21
g6|3 1 0 20
g6|3 1 0 19
g6|3 1 0 18
g6|2 5 11 26
g6|2 5 10 25
g6|2 5 10 24
g6|2 5 10 23
g6|2 4 9 22
g6|2 1 0 20
g6|2 1 0 19
g6|2 1 0 18

#gn6CCO|GraphID|L
g6|1 3 6
g6|15 11 14
g6|7 8 13
g6|7 12 17
g6|7 12 16
g6|7 3 6
g6|5 11 14
g6|4 9 14
g6|4 8 13

#gn6HCCCCCCCOCC|GraphID|L
g6|18 0 1 3 7 8 4 9 14 11 5
g6|20 0 1 3 7 8 4 9 14 11 15
g6|20 0 1 3 7 8 4 9 14 11 5
g6|19 0 1 3 7 8 4 9 14 11 15
g6|19 0 1 3 7 8 4 9 14 11 5
g6|18 0 1 3 7 8 4 9 14 11 15

#gn6CCCCCCCCO|GraphID|L
g6|1 3 7 8 4 2 5 11 14
g6|15 11 5 2 4 8 7 12 17
g6|15 11 5 2 4 8 7 12 16
g6|15 11 5 2 4 8 7 3 6
g6|15 11 5 2 1 3 7 8 13
g6|15 11 5 2 1 3 7 12 17
g6|15 11 5 2 1 3 7 12 16
g6|7 8 4 2 1 3 7 12 17
g6|7 8 4 2 1 3 7 12 16
g6|7 3 1 2 4 8 7 12 17
g6|7 3 1 2 4 8 7 12 16
g6|5 2 1 3 7 8 4 9 14
g6|4 8 7 3 1 2 5 11 14
g6|4 8 7 3 1 2 4 9 14
g6|4 2 1 3 7 8 4 9 14

#gn6CCCCCCCCOC|GraphID|L
g6|1 3 7 8 4 2 5 11 14 9
g6|5 2 1 3 7 8 4 9 14 11
g6|4 8 7 3 1 2 5 11 14 9
g6|4 8 7 3 1 2 4 9 14 11
g6|4 2 1 3 7 8 4 9 14 11

#gn6CCCCCCCCOCC|GraphID|L
g6|1 3 7 8 4 2 5 11 14 9 4
g6|5 2 1 3 7 8 4 9 14 11 15
g6|5 2 1 3 7 8 4 9 14 11 5
g6|4 8 7 3 1 2 5 11 14 9 4
g6|4 8 7 3 1 2 4 9 14 11 15
g6|4 8 7 3 1 2 4 9 14 11 5
g6|4 2 1 3 7 8 4 9 14 11 15
g6|4 2 1 3 7 8 4 9 14 11 5

#gn6CCCCCCCCOCH|GraphID|L
g6|1 3 7 8 4 2 5 11 14 9 22
g6|5 2 1 3 7 8 4 9 14 11 26
g6|4 8 7 3 1 2 5 11 14 9 22
g6|4 8 7 3 1 2 4 9 14 11 26
g6|4 2 1 3 7 8 4 9 14 11 26

#gn6CCCCCCOC|GraphID|L
g6|1 3 7 8 4 9 14 11
g6|15 11 5 2 4 9 14 11
g6|7 8 4 2 5 11 14 9
g6|7 3 1 2 5 11 14 9
g6|7 3 1 2 4 9 14 11

#gn6CCCCCCOCC|GraphID|L
g6|1 3 7 8 4 9 14 11 5
g6|7 8 4 2 5 11 14 9 4
g6|7 3 1 2 5 11 14 9 4
g6|7 3 1 2 4 9 14 11 15
g6|7 3 1 2 4 9 14 11 5
g6|1 3 7 8 4 9 14 11 15

#gn6CCCCCCOCCC|GraphID|L
g6|1 3 7 8 4 9 14 11 5 2
g6|7 3 1 2 5 11 14 9 4 8
g6|7 3 1 2 5 11 14 9 4 2
g6|7 3 1 2 4 9 14 11 5 10
g6|7 3 1 2 4 9 14 11 5 2
g6|1 3 7 8 4 9 14 11 5 10

#gn6CCCCCCOCCCC|GraphID|L
g6|1 3 7 8 4 9 14 11 5 2 1
g6|7 3 1 2 5 11 14 9 4 8 7
g6|1 3 7 8 4 9 14 11 5 2 4

#gn6CCCCCCOCCCH|GraphID|L
g6|1 3 7 8 4 9 14 11 5 10 23
g6|7 3 1 2 4 9 14 11 5 10 25
g6|7 3 1 2 4 9 14 11 5 10 24
g6|7 3 1 2 4 9 14 11 5 10 23
g6|1 3 7 8 4 9 14 11 5 10 25
g6|1 3 7 8 4 9 14 11 5 10 24

#gn6CCCCCCOCCH|GraphID|L
g6|1 3 7 8 4 9 14 11 5 21
g6|7 3 1 2 4 9 14 11 15 30
g6|7 3 1 2 4 9 14 11 15 29
g6|7 3 1 2 4 9 14 11 15 28
g6|7 3 1 2 4 9 14 11 5 21
g6|1 3 7 8 4 9 14 11 15 30
g6|1 3 7 8 4 9 14 11 15 29
g6|1 3 7 8 4 9 14 11 15 28

#gn6CCCCCCOCH|GraphID|L
g6|1 3 7 8 4 9 14 11 26
g6|15 11 5 2 4 9 14 11 26
g6|7 8 4 2 5 11 14 9 22
g6|7 3 1 2 5 11 14 9 22
g6|7 3 1 2 4 9 14 11 26

#gn6CCCOH|GraphID|L
g6|2 4 8 13 27
g6|12 7 8 13 27
g6|9 4 8 13 27
g6|8 7 12 17 31
g6|3 7 8 13 27
g6|3 7 12 17 31

#gn6CCCOC|GraphID|L
g6|2 4 9 14 11
g6|10 5 11 14 9
g6|8 4 9 14 11
g6|2 5 11 14 9

#gn6CCCOCC|GraphID|L
g6|2 4 9 14 11 5
g6|10 5 11 14 9 4
g6|8 4 9 14 11 15
g6|8 4 9 14 11 5
g6|2 5 11 14 9 4
g6|2 4 9 14 11 15

#gn6CCCOCCC|GraphID|L
g6|2 4 9 14 11 5 2
g6|10 5 11 14 9 4 8
g6|10 5 11 14 9 4 2
g6|8 4 9 14 11 5 10
g6|8 4 9 14 11 5 2
g6|2 5 11 14 9 4 8
g6|2 5 11 14 9 4 2
g6|2 4 9 14 11 5 10

#gn6CCCOCCCC|GraphID|L
g6|2 4 9 14 11 5 2 1
g6|10 5 11 14 9 4 8 7
g6|10 5 11 14 9 4 2 5
g6|10 5 11 14 9 4 2 1
g6|8 4 9 14 11 5 2 4
g6|8 4 9 14 11 5 2 1
g6|2 5 11 14 9 4 8 7
g6|2 5 11 14 9 4 2 1

#gn6CCCOCCCCC|GraphID|L
g6|2 4 9 14 11 5 2 1 0
g6|10 5 11 14 9 4 8 7 12
g6|10 5 11 14 9 4 8 7 3
g6|10 5 11 14 9 4 2 1 3
g6|10 5 11 14 9 4 2 1 0
g6|8 4 9 14 11 5 2 1 3
g6|8 4 9 14 11 5 2 1 0
g6|2 5 11 14 9 4 8 7 12
g6|2 5 11 14 9 4 8 7 3
g6|2 5 11 14 9 4 2 1 3
g6|2 5 11 14 9 4 2 1 0
g6|2 4 9 14 11 5 2 1 3

#gn6CCCOCCCCCH|GraphID|L
g6|2 4 9 14 11 5 2 1 0 18
g6|10 5 11 14 9 4 2 1 0 20
g6|10 5 11 14 9 4 2 1 0 19
g6|10 5 11 14 9 4 2 1 0 18
g6|8 4 9 14 11 5 2 1 0 20
g6|8 4 9 14 11 5 2 1 0 19
g6|8 4 9 14 11 5 2 1 0 18
g6|2 5 11 14 9 4 2 1 0 20
g6|2 5 11 14 9 4 2 1 0 19
g6|2 5 11 14 9 4 2 1 0 18
g6|2 4 9 14 11 5 2 1 0 20
g6|2 4 9 14 11 5 2 1 0 19

#gn6CCCOCCCCCO|GraphID|L
g6|2 4 9 14 11 5 2 1 3 6
g6|10 5 11 14 9 4 8 7 12 17
g6|10 5 11 14 9 4 8 7 12 16
g6|10 5 11 14 9 4 8 7 3 6
g6|10 5 11 14 9 4 2 1 3 6
g6|8 4 9 14 11 5 2 1 3 6
g6|2 5 11 14 9 4 8 7 12 17
g6|2 5 11 14 9 4 8 7 12 16
g6|2 5 11 14 9 4 8 7 3 6
g6|2 5 11 14 9 4 2 1 3 6

#gn6CCCOCCCCCC|GraphID|L
g6|2 4 9 14 11 5 2 1 3 7
g6|10 5 11 14 9 4 8 7 3 1
g6|10 5 11 14 9 4 2 1 3 7
g6|8 4 9 14 11 5 2 1 3 7
g6|2 5 11 14 9 4 8 7 3 1
g6|2 5 11 14 9 4 2 1 3 7

#gn6CCCOCCCCCCC|GraphID|L
g6|2 4 9 14 11 5 2 1 3 7 12
g6|10 5 11 14 9 4 8 7 3 1 2
g6|10 5 11 14 9 4 8 7 3 1 0
g6|10 5 11 14 9 4 2 1 3 7 8
g6|10 5 11 14 9 4 2 1 3 7 12
g6|8 4 9 14 11 5 2 1 3 7 8
g6|8 4 9 14 11 5 2 1 3 7 12
g6|2 5 11 14 9 4 8 7 3 1 2
g6|2 5 11 14 9 4 8 7 3 1 0
g6|2 5 11 14 9 4 2 1 3 7 8
g6|2 5 11 14 9 4 2 1 3 7 12
g6|2 4 9 14 11 5 2 1 3 7 8

#gn6CCCOCCCH|GraphID|L
g6|2 4 9 14 11 5 10 23
g6|8 4 9 14 11 5 10 25
g6|8 4 9 14 11 5 10 24
g6|8 4 9 14 11 5 10 23
g6|2 4 9 14 11 5 10 25
g6|2 4 9 14 11 5 10 24

#gn6OCCCCCCCC|GraphID|L
g6|6 3 7 8 4 2 5 11 15
g6|17 12 7 8 4 2 5 11 15
g6|17 12 7 8 4 2 1 3 7
g6|17 12 7 3 1 2 5 11 15
g6|17 12 7 3 1 2 4 8 7
g6|16 12 7 8 4 2 5 11 15
g6|16 12 7 8 4 2 1 3 7
g6|16 12 7 3 1 2 5 11 15
g6|16 12 7 3 1 2 4 8 7
g6|14 11 5 2 4 8 7 3 1
g6|14 11 5 2 1 3 7 8 4
g6|14 9 4 8 7 3 1 2 5
g6|14 9 4 8 7 3 1 2 4
g6|14 9 4 2 1 3 7 8 4
g6|13 8 7 3 1 2 5 11 15

#gn6CCCOCCH|GraphID|L
g6|2 4 9 14 11 5 21
g6|8 4 9 14 11 15 30
g6|8 4 9 14 11 15 29
g6|8 4 9 14 11 15 28
g6|8 4 9 14 11 5 21
g6|2 4 9 14 11 15 30
g6|2 4 9 14 11 15 29
g6|2 4 9 14 11 15 28

#gn6CCCOCH|GraphID|L
g6|2 4 9 14 11 26
g6|10 5 11 14 9 22
g6|8 4 9 14 11 26
g6|2 5 11 14 9 22

#gn6CCCOCCCO|GraphID|L
g6|2 5 11 14 9 4 8 13
g6|10 5 11 14 9 4 8 13

#gn6CCCOCCCOH|GraphID|L
g6|2 5 11 14 9 4 8 13 27
g6|10 5 11 14 9 4 8 13 27

#gn6CO|GraphID|L
g6|3 6
g6|12 17
g6|12 16
g6|11 14
g6|9 14
g6|8 13

#gn6HCCCOCCCCCO|GraphID|L
g6|23 10 5 11 14 9 4 2 1 3 6
g6|25 10 5 11 14 9 4 8 7 12 17
g6|25 10 5 11 14 9 4 8 7 12 16
g6|25 10 5 11 14 9 4 8 7 3 6
g6|25 10 5 11 14 9 4 2 1 3 6
g6|24 10 5 11 14 9 4 8 7 12 17
g6|24 10 5 11 14 9 4 8 7 12 16
g6|24 10 5 11 14 9 4 8 7 3 6
g6|24 10 5 11 14 9 4 2 1 3 6
g6|23 10 5 11 14 9 4 8 7 12 17
g6|23 10 5 11 14 9 4 8 7 12 16
g6|23 10 5 11 14 9 4 8 7 3 6

#gn6CCOH|GraphID|L
g6|4 8 13 27
g6|7 8 13 27
g6|7 12 17 31

#gn6CCOC|GraphID|L
g6|4 9 14 11
g6|15 11 14 9
g6|5 11 14 9

#gn6CCOCC|GraphID|L
g6|4 9 14 11 5
g6|15 11 14 9 4
g6|5 11 14 9 4
g6|4 9 14 11 15

#gn6CCOCCC|GraphID|L
g6|4 9 14 11 5 2
g6|15 11 14 9 4 8
g6|15 11 14 9 4 2
g6|5 11 14 9 4 8
g6|5 11 14 9 4 2
g6|4 9 14 11 5 10

#gn6CCOCCCC|GraphID|L
g6|4 9 14 11 5 2 1
g6|15 11 14 9 4 8 7
g6|15 11 14 9 4 2 5
g6|15 11 14 9 4 2 1
g6|5 11 14 9 4 8 7
g6|5 11 14 9 4 2 5
g6|5 11 14 9 4 2 1
g6|4 9 14 11 5 2 4

#gn6CCOCCCCC|GraphID|L
g6|4 9 14 11 5 2 1 0
g6|15 11 14 9 4 8 7 12
g6|15 11 14 9 4 8 7 3
g6|15 11 14 9 4 2 5 11
g6|15 11 14 9 4 2 5 10
g6|15 11 14 9 4 2 1 3
g6|15 11 14 9 4 2 1 0
g6|5 11 14 9 4 8 7 12
g6|5 11 14 9 4 8 7 3
g6|5 11 14 9 4 2 5 10
g6|5 11 14 9 4 2 1 3
g6|5 11 14 9 4 2 1 0
g6|4 9 14 11 5 2 4 8
g6|4 9 14 11 5 2 1 3

#gn6CCOCCCCCH|GraphID|L
g6|4 9 14 11 5 2 1 0 18
g6|15 11 14 9 4 2 5 11 26
g6|15 11 14 9 4 2 5 10 25
g6|15 11 14 9 4 2 5 10 24
g6|15 11 14 9 4 2 5 10 23
g6|15 11 14 9 4 2 1 0 20
g6|15 11 14 9 4 2 1 0 19
g6|15 11 14 9 4 2 1 0 18
g6|5 11 14 9 4 2 5 10 25
g6|5 11 14 9 4 2 5 10 24
g6|5 11 14 9 4 2 5 10 23
g6|5 11 14 9 4 2 1 0 20
g6|5 11 14 9 4 2 1 0 19
g6|5 11 14 9 4 2 1 0 18
g6|4 9 14 11 5 2 1 0 20
g6|4 9 14 11 5 2 1 0 19

#gn6CCOCCCCCO|GraphID|L
g6|4 9 14 11 5 2 1 3 6
g6|15 11 14 9 4 8 7 12 17
g6|15 11 14 9 4 8 7 12 16
g6|15 11 14 9 4 8 7 3 6
g6|15 11 14 9 4 2 1 3 6
g6|5 11 14 9 4 8 7 12 17
g6|5 11 14 9 4 8 7 12 16
g6|5 11 14 9 4 8 7 3 6
g6|5 11 14 9 4 2 1 3 6
g6|4 9 14 11 5 2 4 8 13

#gn6CCOCCCCCC|GraphID|L
g6|4 9 14 11 5 2 1 3 7
g6|15 11 14 9 4 8 7 3 1
g6|15 11 14 9 4 2 1 3 7
g6|5 11 14 9 4 8 7 3 1
g6|5 11 14 9 4 2 1 3 7
g6|4 9 14 11 5 2 4 8 7

#gn6CCOCCCCCCC|GraphID|L
g6|4 9 14 11 5 2 1 3 7 12
g6|15 11 14 9 4 8 7 3 1 2
g6|15 11 14 9 4 8 7 3 1 0
g6|15 11 14 9 4 2 1 3 7 8
g6|15 11 14 9 4 2 1 3 7 12
g6|5 11 14 9 4 8 7 3 1 2
g6|5 11 14 9 4 8 7 3 1 0
g6|5 11 14 9 4 2 1 3 7 8
g6|5 11 14 9 4 2 1 3 7 12
g6|4 9 14 11 5 2 4 8 7 12
g6|4 9 14 11 5 2 4 8 7 3
g6|4 9 14 11 5 2 1 3 7 8

#gn6CCOCCCCCCCO|GraphID|L
g6|4 9 14 11 5 2 1 3 7 12 16
g6|15 11 14 9 4 2 1 3 7 8 13
g6|15 11 14 9 4 2 1 3 7 12 17
g6|15 11 14 9 4 2 1 3 7 12 16
g6|5 11 14 9 4 2 1 3 7 8 13
g6|5 11 14 9 4 2 1 3 7 12 17
g6|5 11 14 9 4 2 1 3 7 12 16
g6|4 9 14 11 5 2 4 8 7 12 17
g6|4 9 14 11 5 2 4 8 7 12 16
g6|4 9 14 11 5 2 4 8 7 3 6
g6|4 9 14 11 5 2 1 3 7 8 13
g6|4 9 14 11 5 2 1 3 7 12 17

#gn6CCOCCCCCCCC|GraphID|L
g6|4 9 14 11 5 2 1 3 7 8 4
g6|15 11 14 9 4 8 7 3 1 2 5
g6|15 11 14 9 4 8 7 3 1 2 4
g6|15 11 14 9 4 2 1 3 7 8 4
g6|5 11 14 9 4 8 7 3 1 2 5
g6|5 11 14 9 4 8 7 3 1 2 4
g6|5 11 14 9 4 2 1 3 7 8 4
g6|4 9 14 11 5 2 4 8 7 3 1

#gn6CCOCCCCCOH|GraphID|L
g6|4 9 14 11 5 2 4 8 13 27
g6|15 11 14 9 4 8 7 12 17 31
g6|5 11 14 9 4 8 7 12 17 31

#gn6CCOCCCH|GraphID|L
g6|4 9 14 11 5 10 23
g6|4 9 14 11 5 10 25
g6|4 9 14 11 5 10 24

#gn6CCOCCH|GraphID|L
g6|4 9 14 11 5 21
g6|4 9 14 11 15 30
g6|4 9 14 11 15 29
g6|4 9 14 11 15 28

#gn6CCOCH|GraphID|L
g6|4 9 14 11 26
g6|15 11 14 9 22
g6|5 11 14 9 22

#gn6CCOCCCCH|GraphID|L
g6|5 11 14 9 4 2 5 21
g6|15 11 14 9 4 2 5 21

#gn6CCOCCCCCCCH|GraphID|L
g6|5 11 14 9 4 8 7 3 1 0 18
g6|15 11 14 9 4 8 7 3 1 0 20
g6|15 11 14 9 4 8 7 3 1 0 19
g6|15 11 14 9 4 8 7 3 1 0 18
g6|5 11 14 9 4 8 7 3 1 0 20
g6|5 11 14 9 4 8 7 3 1 0 19

#gn6HCCCCCOCCC|GraphID|L
g6|18 0 1 2 4 9 14 11 5 2
g6|20 0 1 2 5 11 14 9 4 8
g6|20 0 1 2 5 11 14 9 4 2
g6|20 0 1 2 4 9 14 11 5 10
g6|20 0 1 2 4 9 14 11 5 2
g6|19 0 1 2 5 11 14 9 4 8
g6|19 0 1 2 5 11 14 9 4 2
g6|19 0 1 2 4 9 14 11 5 10
g6|19 0 1 2 4 9 14 11 5 2
g6|18 0 1 2 5 11 14 9 4 8
g6|18 0 1 2 5 11 14 9 4 2
g6|18 0 1 2 4 9 14 11 5 10

#gn6CCOCCCO|GraphID|L
g6|5 11 14 9 4 8 13
g6|15 11 14 9 4 8 13

#gn6CCOCCCOH|GraphID|L
g6|5 11 14 9 4 8 13 27
g6|15 11 14 9 4 8 13 27

#gn6O|GraphID|L
g6|6
g6|17
g6|16
g6|14
g6|13

#gn6OC|GraphID|L
g6|6 3
g6|17 12
g6|16 12
g6|14 11
g6|14 9
g6|13 8

#gn6OCC|GraphID|L
g6|6 3 1
g6|17 12 7
g6|16 12 7
g6|14 11 15
g6|14 11 5
g6|14 9 4
g6|13 8 7
g6|13 8 4
g6|6 3 7

#gn6OCCC|GraphID|L
g6|6 3 1 0
g6|17 12 7 8
g6|17 12 7 3
g6|16 12 7 8
g6|16 12 7 3
g6|14 11 5 10
g6|14 11 5 2
g6|14 9 4 8
g6|14 9 4 2
g6|13 8 7 12
g6|13 8 7 3
g6|13 8 4 9
g6|13 8 4 2
g6|6 3 7 8
g6|6 3 7 12
g6|6 3 1 2

#gn6OCCCH|GraphID|L
g6|6 3 1 0 18
g6|14 11 5 10 25
g6|14 11 5 10 24
g6|14 11 5 10 23
g6|13 8 4 9 22
g6|6 3 1 0 20
g6|6 3 1 0 19

#gn6OCCCC|GraphID|L
g6|6 3 1 2 4
g6|17 12 7 8 4
g6|17 12 7 3 1
g6|16 12 7 8 4
g6|16 12 7 3 1
g6|14 11 5 2 4
g6|14 11 5 2 1
g6|14 9 4 8 7
g6|14 9 4 2 5
g6|14 9 4 2 1
g6|13 8 7 3 1
g6|13 8 4 2 5
g6|13 8 4 2 1
g6|6 3 7 8 4
g6|6 3 1 2 5

#gn6OCCCCC|GraphID|L
g6|6 3 1 2 4 8
g6|17 12 7 8 4 9
g6|17 12 7 8 4 2
g6|17 12 7 3 1 2
g6|17 12 7 3 1 0
g6|16 12 7 8 4 9
g6|16 12 7 8 4 2
g6|16 12 7 3 1 2
g6|16 12 7 3 1 0
g6|14 11 5 2 4 9
g6|14 11 5 2 4 8
g6|14 11 5 2 1 3
g6|14 11 5 2 1 0
g6|14 9 4 8 7 12
g6|14 9 4 8 7 3
g6|14 9 4 2 5 11
g6|14 9 4 2 5 10
g6|14 9 4 2 1 3
g6|14 9 4 2 1 0
g6|13 8 7 3 1 2
g6|13 8 7 3 1 0
g6|13 8 4 2 5 11
g6|13 8 4 2 5 10
g6|13 8 4 2 1 3
g6|13 8 4 2 1 0
g6|6 3 7 8 4 9
g6|6 3 7 8 4 2
g6|6 3 1 2 5 11
g6|6 3 1 2 5 10
g6|6 3 1 2 4 9

#gn6OCCCCCC|GraphID|L
g6|6 3 1 2 4 8 7
g6|17 12 7 8 4 2 5
g6|17 12 7 8 4 2 1
g6|17 12 7 3 1 2 5
g6|17 12 7 3 1 2 4
g6|16 12 7 8 4 2 5
g6|16 12 7 8 4 2 1
g6|16 12 7 3 1 2 5
g6|16 12 7 3 1 2 4
g6|14 11 5 2 4 8 7
g6|14 11 5 2 1 3 7
g6|14 9 4 8 7 3 1
g6|14 9 4 2 5 11 15
g6|14 9 4 2 1 3 7
g6|13 8 7 3 1 2 5
g6|13 8 7 3 1 2 4
g6|13 8 4 2 5 11 15
g6|13 8 4 2 1 3 7
g6|6 3 7 8 4 2 5
g6|6 3 7 8 4 2 1
g6|6 3 1 2 5 11 15

#gn6OCCCCCCC|GraphID|L
g6|6 3 1 2 4 8 7 3
g6|17 12 7 8 4 2 5 11
g6|17 12 7 8 4 2 5 10
g6|17 12 7 8 4 2 1 3
g6|17 12 7 8 4 2 1 0
g6|17 12 7 3 1 2 5 11
g6|17 12 7 3 1 2 5 10
g6|17 12 7 3 1 2 4 9
g6|17 12 7 3 1 2 4 8
g6|16 12 7 8 4 2 5 11
g6|16 12 7 8 4 2 5 10
g6|16 12 7 8 4 2 1 3
g6|16 12 7 8 4 2 1 0
g6|16 12 7 3 1 2 5 11
g6|16 12 7 3 1 2 5 10
g6|16 12 7 3 1 2 4 9
g6|16 12 7 3 1 2 4 8
g6|14 11 5 2 4 8 7 12
g6|14 11 5 2 4 8 7 3
g6|14 11 5 2 1 3 7 8
g6|14 11 5 2 1 3 7 12
g6|14 9 4 8 7 3 1 2
g6|14 9 4 8 7 3 1 0
g6|14 9 4 2 1 3 7 8
g6|14 9 4 2 1 3 7 12
g6|13 8 7 3 1 2 5 11
g6|13 8 7 3 1 2 5 10
g6|13 8 7 3 1 2 4 9
g6|13 8 7 3 1 2 4 8
g6|13 8 4 2 1 3 7 8
g6|13 8 4 2 1 3 7 12
g6|6 3 7 8 4 2 5 11
g6|6 3 7 8 4 2 5 10
g6|6 3 7 8 4 2 1 3
g6|6 3 7 8 4 2 1 0
g6|6 3 1 2 4 8 7 12

#gn6OCCCCCCCO|GraphID|L
g6|6 3 1 2 4 8 7 12 16
g6|17 12 7 8 4 2 5 11 14
g6|17 12 7 8 4 2 1 3 6
g6|17 12 7 3 1 2 5 11 14
g6|17 12 7 3 1 2 4 9 14
g6|17 12 7 3 1 2 4 8 13
g6|16 12 7 8 4 2 5 11 14
g6|16 12 7 8 4 2 1 3 6
g6|16 12 7 3 1 2 5 11 14
g6|16 12 7 3 1 2 4 9 14
g6|16 12 7 3 1 2 4 8 13
g6|14 11 5 2 4 8 7 12 17
g6|14 11 5 2 4 8 7 12 16
g6|14 11 5 2 4 8 7 3 6
g6|14 11 5 2 1 3 7 8 13
g6|14 11 5 2 1 3 7 12 17
g6|14 11 5 2 1 3 7 12 16
g6|14 9 4 2 1 3 7 8 13
g6|14 9 4 2 1 3 7 12 17
g6|14 9 4 2 1 3 7 12 16
g6|13 8 7 3 1 2 5 11 14
g6|13 8 7 3 1 2 4 9 14
g6|13 8 4 2 1 3 7 12 17
g6|13 8 4 2 1 3 7 12 16
g6|6 3 7 8 4 2 5 11 14
g6|6 3 1 2 4 8 7 12 17

#gn6OCCCCCCCOH|GraphID|L
g6|6 3 1 2 4 8 7 12 17 31
g6|17 12 7 3 1 2 4 8 13 27
g6|16 12 7 3 1 2 4 8 13 27
g6|14 11 5 2 4 8 7 12 17 31
g6|14 11 5 2 1 3 7 8 13 27
g6|14 11 5 2 1 3 7 12 17 31
g6|14 9 4 2 1 3 7 8 13 27
g6|14 9 4 2 1 3 7 12 17 31
g6|13 8 4 2 1 3 7 12 17 31

#gn6OCCCCCO|GraphID|L
g6|6 3 1 2 4 8 13
g6|17 12 7 8 4 9 14
g6|16 12 7 8 4 9 14
g6|14 11 5 2 4 9 14
g6|14 11 5 2 4 8 13
g6|14 11 5 2 1 3 6
g6|14 9 4 8 7 12 17
g6|14 9 4 8 7 12 16
g6|14 9 4 8 7 3 6
g6|14 9 4 2 5 11 14
g6|14 9 4 2 1 3 6
g6|13 8 4 2 5 11 14
g6|13 8 4 2 1 3 6
g6|6 3 7 8 4 9 14
g6|6 3 1 2 5 11 14
g6|6 3 1 2 4 9 14

#gn6OCCCCCOH|GraphID|L
g6|6 3 1 2 4 8 13 27
g6|14 11 5 2 4 8 13 27
g6|14 9 4 8 7 12 17 31

#gn6OCCCCCOC|GraphID|L
g6|6 3 1 2 4 9 14 11
g6|17 12 7 8 4 9 14 11
g6|16 12 7 8 4 9 14 11
g6|13 8 4 2 5 11 14 9
g6|6 3 7 8 4 9 14 11
g6|6 3 1 2 5 11 14 9

#gn6OCCCCCOCC|GraphID|L
g6|6 3 1 2 4 9 14 11 5
g6|17 12 7 8 4 9 14 11 15
g6|17 12 7 8 4 9 14 11 5
g6|16 12 7 8 4 9 14 11 15
g6|16 12 7 8 4 9 14 11 5
g6|13 8 4 2 5 11 14 9 4
g6|6 3 7 8 4 9 14 11 15
g6|6 3 7 8 4 9 14 11 5
g6|6 3 1 2 5 11 14 9 4
g6|6 3 1 2 4 9 14 11 15

#gn6OCCCCCOCCC|GraphID|L
g6|6 3 1 2 4 9 14 11 5 2
g6|17 12 7 8 4 9 14 11 5 10
g6|17 12 7 8 4 9 14 11 5 2
g6|16 12 7 8 4 9 14 11 5 10
g6|16 12 7 8 4 9 14 11 5 2
g6|6 3 7 8 4 9 14 11 5 10
g6|6 3 7 8 4 9 14 11 5 2
g6|6 3 1 2 5 11 14 9 4 8
g6|6 3 1 2 5 11 14 9 4 2
g6|6 3 1 2 4 9 14 11 5 10

#gn6OCCCCCOCCCH|GraphID|L
g6|6 3 1 2 4 9 14 11 5 10 23
g6|17 12 7 8 4 9 14 11 5 10 25
g6|17 12 7 8 4 9 14 11 5 10 24
g6|17 12 7 8 4 9 14 11 5 10 23
g6|16 12 7 8 4 9 14 11 5 10 25
g6|16 12 7 8 4 9 14 11 5 10 24
g6|16 12 7 8 4 9 14 11 5 10 23
g6|6 3 7 8 4 9 14 11 5 10 25
g6|6 3 7 8 4 9 14 11 5 10 24
g6|6 3 7 8 4 9 14 11 5 10 23
g6|6 3 1 2 4 9 14 11 5 10 25
g6|6 3 1 2 4 9 14 11 5 10 24

#gn6OCCCCCOCCH|GraphID|L
g6|6 3 1 2 4 9 14 11 5 21
g6|17 12 7 8 4 9 14 11 15 30
g6|17 12 7 8 4 9 14 11 15 29
g6|17 12 7 8 4 9 14 11 15 28
g6|17 12 7 8 4 9 14 11 5 21
g6|16 12 7 8 4 9 14 11 15 30
g6|16 12 7 8 4 9 14 11 15 29
g6|16 12 7 8 4 9 14 11 15 28
g6|16 12 7 8 4 9 14 11 5 21
g6|6 3 7 8 4 9 14 11 15 30
g6|6 3 7 8 4 9 14 11 15 29
g6|6 3 7 8 4 9 14 11 15 28
g6|6 3 7 8 4 9 14 11 5 21
g6|6 3 1 2 4 9 14 11 15 30
g6|6 3 1 2 4 9 14 11 15 29
g6|6 3 1 2 4 9 14 11 15 28

#gn6OCCCCCOCH|GraphID|L
g6|6 3 1 2 4 9 14 11 26
g6|17 12 7 8 4 9 14 11 26
g6|16 12 7 8 4 9 14 11 26
g6|13 8 4 2 5 11 14 9 22
g6|6 3 7 8 4 9 14 11 26
g6|6 3 1 2 5 11 14 9 22

#gn6OCCCCCH|GraphID|L
g6|6 3 1 2 4 9 22
g6|17 12 7 8 4 9 22
g6|17 12 7 3 1 0 20
g6|17 12 7 3 1 0 19
g6|17 12 7 3 1 0 18
g6|16 12 7 8 4 9 22
g6|16 12 7 3 1 0 20
g6|16 12 7 3 1 0 19
g6|16 12 7 3 1 0 18
g6|14 11 5 2 4 9 22
g6|14 11 5 2 1 0 20
g6|14 11 5 2 1 0 19
g6|14 11 5 2 1 0 18
g6|14 9 4 2 5 11 26
g6|14 9 4 2 5 10 25
g6|14 9 4 2 5 10 24
g6|14 9 4 2 5 10 23
g6|14 9 4 2 1 0 20
g6|14 9 4 2 1 0 19
g6|14 9 4 2 1 0 18
g6|13 8 7 3 1 0 20
g6|13 8 7 3 1 0 19
g6|13 8 7 3 1 0 18
g6|13 8 4 2 5 11 26
g6|13 8 4 2 5 10 25
g6|13 8 4 2 5 10 24
g6|13 8 4 2 5 10 23
g6|13 8 4 2 1 0 20
g6|13 8 4 2 1 0 19
g6|13 8 4 2 1 0 18
g6|6 3 7 8 4 9 22
g6|6 3 1 2 5 11 26
g6|6 3 1 2 5 10 25
g6|6 3 1 2 5 10 24
g6|6 3 1 2 5 10 23

#gn6OCCCCCCH|GraphID|L
g6|6 3 1 2 5 11 15 28
g6|17 12 7 8 4 2 5 21
g6|17 12 7 3 1 2 5 21
g6|16 12 7 8 4 2 5 21
g6|16 12 7 3 1 2 5 21
g6|14 9 4 2 5 11 15 30
g6|14 9 4 2 5 11 15 29
g6|14 9 4 2 5 11 15 28
g6|13 8 7 3 1 2 5 21
g6|13 8 4 2 5 11 15 30
g6|13 8 4 2 5 11 15 29
g6|13 8 4 2 5 11 15 28
g6|6 3 7 8 4 2 5 21
g6|6 3 1 2 5 11 15 30
g6|6 3 1 2 5 11 15 29

#gn6OCCCCCOCCCC|GraphID|L
g6|6 3 1 2 5 11 14 9 4 8 7
g6|17 12 7 8 4 9 14 11 5 2 4
g6|17 12 7 8 4 9 14 11 5 2 1
g6|16 12 7 8 4 9 14 11 5 2 4
g6|16 12 7 8 4 9 14 11 5 2 1
g6|6 3 7 8 4 9 14 11 5 2 4
g6|6 3 7 8 4 9 14 11 5 2 1

#gn6OCCCCCOCCCO|GraphID|L
g6|6 3 1 2 5 11 14 9 4 8 13

#gn6OCCCCH|GraphID|L
g6|6 3 1 2 5 21
g6|14 9 4 2 5 21
g6|13 8 4 2 5 21

#gn6OCCCO|GraphID|L
g6|6 3 7 12 16
g6|17 12 7 8 13
g6|17 12 7 3 6
g6|16 12 7 8 13
g6|16 12 7 3 6
g6|14 9 4 8 13
g6|13 8 7 12 17
g6|13 8 7 12 16
g6|13 8 7 3 6
g6|13 8 4 9 14
g6|6 3 7 8 13
g6|6 3 7 12 17

#gn6OCCCOH|GraphID|L
g6|6 3 7 12 17 31
g6|17 12 7 8 13 27
g6|16 12 7 8 13 27
g6|14 9 4 8 13 27
g6|13 8 7 12 17 31
g6|6 3 7 8 13 27

#gn6OCCCCCCCH|GraphID|L
g6|6 3 7 8 4 2 1 0 18
g6|17 12 7 8 4 2 5 11 26
g6|17 12 7 8 4 2 5 10 25
g6|17 12 7 8 4 2 5 10 24
g6|17 12 7 8 4 2 5 10 23
g6|17 12 7 8 4 2 1 0 20
g6|17 12 7 8 4 2 1 0 19
g6|17 12 7 8 4 2 1 0 18
g6|17 12 7 3 1 2 5 11 26
g6|17 12 7 3 1 2 5 10 25
g6|17 12 7 3 1 2 5 10 24
g6|17 12 7 3 1 2 5 10 23
g6|17 12 7 3 1 2 4 9 22
g6|16 12 7 8 4 2 5 11 26
g6|16 12 7 8 4 2 5 10 25
g6|16 12 7 8 4 2 5 10 24
g6|16 12 7 8 4 2 5 10 23
g6|16 12 7 8 4 2 1 0 20
g6|16 12 7 8 4 2 1 0 19
g6|16 12 7 8 4 2 1 0 18
g6|16 12 7 3 1 2 5 11 26
g6|16 12 7 3 1 2 5 10 25
g6|16 12 7 3 1 2 5 10 24
g6|16 12 7 3 1 2 5 10 23
g6|16 12 7 3 1 2 4 9 22
g6|14 9 4 8 7 3 1 0 20
g6|14 9 4 8 7 3 1 0 19
g6|14 9 4 8 7 3 1 0 18
g6|13 8 7 3 1 2 5 11 26
g6|13 8 7 3 1 2 5 10 25
g6|13 8 7 3 1 2 5 10 24
g6|13 8 7 3 1 2 5 10 23
g6|13 8 7 3 1 2 4 9 22
g6|6 3 7 8 4 2 5 11 26
g6|6 3 7 8 4 2 5 10 25
g6|6 3 7 8 4 2 5 10 24
g6|6 3 7 8 4 2 5 10 23
g6|6 3 7 8 4 2 1 0 20
g6|6 3 7 8 4 2 1 0 19

#gn6OCCCCCCCCH|GraphID|L
g6|6 3 7 8 4 2 5 11 15 28
g6|17 12 7 8 4 2 5 11 15 30
g6|17 12 7 8 4 2 5 11 15 29
g6|17 12 7 8 4 2 5 11 15 28
g6|17 12 7 3 1 2 5 11 15 30
g6|17 12 7 3 1 2 5 11 15 29
g6|17 12 7 3 1 2 5 11 15 28
g6|16 12 7 8 4 2 5 11 15 30
g6|16 12 7 8 4 2 5 11 15 29
g6|16 12 7 8 4 2 5 11 15 28
g6|16 12 7 3 1 2 5 11 15 30
g6|16 12 7 3 1 2 5 11 15 29
g6|16 12 7 3 1 2 5 11 15 28
g6|14 9 4 8 7 3 1 2 5 21
g6|13 8 7 3 1 2 5 11 15 30
g6|13 8 7 3 1 2 5 11 15 29
g6|13 8 7 3 1 2 5 11 15 28
g6|6 3 7 8 4 2 5 11 15 30
g6|6 3 7 8 4 2 5 11 15 29

#gn6OCCCCCCCOC|GraphID|L
g6|6 3 7 8 4 2 5 11 14 9
g6|17 12 7 8 4 2 5 11 14 9
g6|17 12 7 3 1 2 5 11 14 9
g6|17 12 7 3 1 2 4 9 14 11
g6|16 12 7 8 4 2 5 11 14 9
g6|16 12 7 3 1 2 5 11 14 9
g6|16 12 7 3 1 2 4 9 14 11
g6|13 8 7 3 1 2 5 11 14 9
g6|13 8 7 3 1 2 4 9 14 11

#gn6OCCCCCCCOCH|GraphID|L
g6|6 3 7 8 4 2 5 11 14 9 22
g6|17 12 7 8 4 2 5 11 14 9 22
g6|17 12 7 3 1 2 5 11 14 9 22
g6|17 12 7 3 1 2 4 9 14 11 26
g6|16 12 7 8 4 2 5 11 14 9 22
g6|16 12 7 3 1 2 5 11 14 9 22
g6|16 12 7 3 1 2 4 9 14 11 26
g6|13 8 7 3 1 2 5 11 14 9 22
g6|13 8 7 3 1 2 4 9 14 11 26

#gn6CCCCCCCCOH|GraphID|L
g6|7 3 1 2 4 8 7 12 17 31
g6|15 11 5 2 4 8 7 12 17 31
g6|15 11 5 2 1 3 7 8 13 27
g6|15 11 5 2 1 3 7 12 17 31
g6|7 8 4 2 1 3 7 12 17 31

#gn6CCCCOCCCCCH|GraphID|L
g6|7 8 4 9 14 11 5 2 1 0 18
g6|7 8 4 9 14 11 5 2 1 0 20
g6|7 8 4 9 14 11 5 2 1 0 19

#gn6COH|GraphID|L
g6|8 13 27
g6|12 17 31

#gn6COC|GraphID|L
g6|9 14 11
g6|11 14 9

#gn6COCC|GraphID|L
g6|9 14 11 5
g6|11 14 9 4
g6|9 14 11 15

#gn6COCCC|GraphID|L
g6|9 14 11 5 2
g6|11 14 9 4 8
g6|11 14 9 4 2
g6|9 14 11 5 10

#gn6COCCCC|GraphID|L
g6|9 14 11 5 2 1
g6|11 14 9 4 8 7
g6|11 14 9 4 2 5
g6|11 14 9 4 2 1
g6|9 14 11 5 2 4

#gn6COCCCCC|GraphID|L
g6|9 14 11 5 2 1 0
g6|11 14 9 4 8 7 12
g6|11 14 9 4 8 7 3
g6|11 14 9 4 2 5 11
g6|11 14 9 4 2 5 10
g6|11 14 9 4 2 1 3
g6|11 14 9 4 2 1 0
g6|9 14 11 5 2 4 9
g6|9 14 11 5 2 4 8
g6|9 14 11 5 2 1 3

#gn6HCOCCCH|GraphID|L
g6|22 9 14 11 5 10 23
g6|22 9 14 11 5 10 25
g6|22 9 14 11 5 10 24

#gn6COCCCCCH|GraphID|L
g6|9 14 11 5 2 1 0 18
g6|11 14 9 4 2 5 11 26
g6|11 14 9 4 2 5 10 25
g6|11 14 9 4 2 5 10 24
g6|11 14 9 4 2 5 10 23
g6|11 14 9 4 2 1 0 20
g6|11 14 9 4 2 1 0 19
g6|11 14 9 4 2 1 0 18
g6|9 14 11 5 2 4 9 22
g6|9 14 11 5 2 1 0 20
g6|9 14 11 5 2 1 0 19

#gn6COCCCCCO|GraphID|L
g6|9 14 11 5 2 1 3 6
g6|11 14 9 4 8 7 12 17
g6|11 14 9 4 8 7 12 16
g6|11 14 9 4 8 7 3 6
g6|11 14 9 4 2 1 3 6
g6|9 14 11 5 2 4 8 13

#gn6COCCCCCC|GraphID|L
g6|9 14 11 5 2 1 3 7
g6|11 14 9 4 8 7 3 1
g6|11 14 9 4 2 5 11 15
g6|11 14 9 4 2 1 3 7
g6|9 14 11 5 2 4 8 7

#gn6COCCCCCCCO|GraphID|L
g6|9 14 11 5 2 1 3 7 12 16
g6|11 14 9 4 2 1 3 7 8 13
g6|11 14 9 4 2 1 3 7 12 17
g6|11 14 9 4 2 1 3 7 12 16
g6|9 14 11 5 2 4 8 7 12 17
g6|9 14 11 5 2 4 8 7 12 16
g6|9 14 11 5 2 4 8 7 3 6
g6|9 14 11 5 2 1 3 7 8 13
g6|9 14 11 5 2 1 3 7 12 17

#gn6COCCCCCCCOH|GraphID|L
g6|9 14 11 5 2 1 3 7 12 17 31
g6|11 14 9 4 2 1 3 7 8 13 27
g6|11 14 9 4 2 1 3 7 12 17 31
g6|9 14 11 5 2 4 8 7 12 17 31
g6|9 14 11 5 2 1 3 7 8 13 27

#gn6COCCCCCCCC|GraphID|L
g6|9 14 11 5 2 1 3 7 8 4
g6|11 14 9 4 8 7 3 1 2 5
g6|11 14 9 4 8 7 3 1 2 4
g6|11 14 9 4 2 1 3 7 8 4
g6|9 14 11 5 2 4 8 7 3 1

#gn6COCCCCCCCCC|GraphID|L
g6|9 14 11 5 2 1 3 7 8 4 2
g6|11 14 9 4 8 7 3 1 2 5 11
g6|11 14 9 4 8 7 3 1 2 5 10
g6|9 14 11 5 2 4 8 7 3 1 2
g6|9 14 11 5 2 4 8 7 3 1 0
g6|9 14 11 5 2 1 3 7 8 4 9

#gn6COCCCCCOH|GraphID|L
g6|9 14 11 5 2 4 8 13 27
g6|11 14 9 4 8 7 12 17 31

#gn6COCCCH|GraphID|L
g6|9 14 11 5 10 23
g6|9 14 11 5 10 25
g6|9 14 11 5 10 24

#gn6HCOCCCCCCC|GraphID|L
g6|22 9 14 11 5 2 1 3 7 12
g6|26 11 14 9 4 8 7 3 1 2
g6|26 11 14 9 4 8 7 3 1 0
g6|26 11 14 9 4 2 1 3 7 8
g6|26 11 14 9 4 2 1 3 7 12
g6|22 9 14 11 5 2 4 8 7 12
g6|22 9 14 11 5 2 4 8 7 3
g6|22 9 14 11 5 2 1 3 7 8

#gn6COCCH|GraphID|L
g6|9 14 11 5 21
g6|9 14 11 15 30
g6|9 14 11 15 29
g6|9 14 11 15 28

#gn6COCH|GraphID|L
g6|9 14 11 26
g6|11 14 9 22

#gn6CCCOCCCCH|GraphID|L
g6|10 5 11 14 9 4 2 5 21

#gn6COCCCCCCH|GraphID|L
g6|11 14 9 4 2 5 11 15 28
g6|11 14 9 4 2 5 11 15 30
g6|11 14 9 4 2 5 11 15 29

#gn6COCCCCH|GraphID|L
g6|11 14 9 4 2 5 21

#gn6COCCCCCCCH|GraphID|L
g6|11 14 9 4 8 7 3 1 0 18
g6|11 14 9 4 8 7 3 1 0 20
g6|11 14 9 4 8 7 3 1 0 19

#gn6COCCCCCCCCH|GraphID|L
g6|11 14 9 4 8 7 3 1 2 5 21

#gn6COCCCO|GraphID|L
g6|11 14 9 4 8 13

#gn6COCCCOH|GraphID|L
g6|11 14 9 4 8 13 27

#gn6OCCCOC|GraphID|L
g6|13 8 4 9 14 11

#gn6OCCCOCC|GraphID|L
g6|13 8 4 9 14 11 5
g6|13 8 4 9 14 11 15

#gn6HCCCCCOH|GraphID|L
g6|18 0 1 2 4 8 13 27
g6|26 11 5 2 4 8 13 27
g6|25 10 5 2 4 8 13 27
g6|24 10 5 2 4 8 13 27
g6|23 10 5 2 4 8 13 27
g6|22 9 4 8 7 12 17 31
g6|20 0 1 3 7 8 13 27
g6|20 0 1 3 7 12 17 31
g6|20 0 1 2 4 8 13 27
g6|19 0 1 3 7 8 13 27
g6|19 0 1 3 7 12 17 31
g6|19 0 1 2 4 8 13 27
g6|18 0 1 3 7 8 13 27
g6|18 0 1 3 7 12 17 31

#gn6OCCCOCCC|GraphID|L
g6|13 8 4 9 14 11 5 2
g6|13 8 4 9 14 11 5 10

#gn6OCCCOCCCC|GraphID|L
g6|13 8 4 9 14 11 5 2 1
g6|13 8 4 9 14 11 5 2 4

#gn6OCCCOCCCCC|GraphID|L
g6|13 8 4 9 14 11 5 2 1 0
g6|13 8 4 9 14 11 5 2 1 3

#gn6OCCCOCCCCCH|GraphID|L
g6|13 8 4 9 14 11 5 2 1 0 18
g6|13 8 4 9 14 11 5 2 1 0 20
g6|13 8 4 9 14 11 5 2 1 0 19

#gn6OCCCOCCCCCO|GraphID|L
g6|13 8 4 9 14 11 5 2 1 3 6

#gn6OCCCOCCCCCC|GraphID|L
g6|13 8 4 9 14 11 5 2 1 3 7

#gn6OCCCOCCCH|GraphID|L
g6|13 8 4 9 14 11 5 10 23
g6|13 8 4 9 14 11 5 10 25
g6|13 8 4 9 14 11 5 10 24

#gn6OCCCOCCH|GraphID|L
g6|13 8 4 9 14 11 5 21
g6|13 8 4 9 14 11 15 30
g6|13 8 4 9 14 11 15 29
g6|13 8 4 9 14 11 15 28

#gn6OCCCOCH|GraphID|L
g6|13 8 4 9 14 11 26

#gn6OH|GraphID|L
g6|13 27
g6|17 31

#gn6OCCCCCCCCC|GraphID|L
g6|14 9 4 8 7 3 1 2 5 10
g6|14 11 5 2 4 8 7 3 1 2
g6|14 11 5 2 4 8 7 3 1 0
g6|14 11 5 2 1 3 7 8 4 9
g6|14 11 5 2 1 3 7 8 4 2
g6|14 9 4 8 7 3 1 2 5 11

#gn6OCCCCCCCCCH|GraphID|L
g6|14 9 4 8 7 3 1 2 5 10 23
g6|14 11 5 2 4 8 7 3 1 0 20
g6|14 11 5 2 4 8 7 3 1 0 19
g6|14 11 5 2 4 8 7 3 1 0 18
g6|14 11 5 2 1 3 7 8 4 9 22
g6|14 9 4 8 7 3 1 2 5 11 26
g6|14 9 4 8 7 3 1 2 5 10 25
g6|14 9 4 8 7 3 1 2 5 10 24

#gn6OCCCCCCCCCC|GraphID|L
g6|14 9 4 8 7 3 1 2 5 11 15

#gn6H|GraphID|L
g6|18
g6|31
g6|30
g6|29
g6|28
g6|27
g6|26
g6|25
g6|24
g6|23
g6|22
g6|21
g6|20
g6|19

#gn6HCCCOCCCCH|GraphID|L
g6|23 10 5 11 14 9 4 2 5 21
g6|25 10 5 11 14 9 4 2 5 21
g6|24 10 5 11 14 9 4 2 5 21

#gn6OCCCCCCCCCO|GraphID|L
g6|14 9 4 8 7 3 1 2 5 11 14
g6|14 11 5 2 1 3 7 8 4 9 14

#gn6OCH|GraphID|L
g6|14 9 22
g6|14 11 26

#gn6HCCCCCCCOC|GraphID|L
g6|18 0 1 3 7 8 4 9 14 11
g6|20 0 1 3 7 8 4 9 14 11
g6|19 0 1 3 7 8 4 9 14 11

#gn6OCCH|GraphID|L
g6|14 11 5 21
g6|14 11 15 30
g6|14 11 15 29
g6|14 11 15 28

#gn6CCCCCCCCCCO|GraphID|L
g6|15 11 5 2 1 3 7 8 4 9 14

#gn6OCO|GraphID|L
g6|16 12 17
g6|17 12 16

#gn6HOC|GraphID|L
g6|27 13 8
g6|31 17 12

#gn6OCOH|GraphID|L
g6|16 12 17 31

#gn6HOCCCCCCCOC|GraphID|L
g6|27 13 8 7 3 1 2 4 9 14 11
g6|31 17 12 7 8 4 2 5 11 14 9
g6|31 17 12 7 3 1 2 5 11 14 9
g6|31 17 12 7 3 1 2 4 9 14 11
g6|27 13 8 7 3 1 2 5 11 14 9

#gn6HC|GraphID|L
g6|18 0
g6|30 15
g6|29 15
g6|28 15
g6|26 11
g6|25 10
g6|24 10
g6|23 10
g6|22 9
g6|21 5
g6|20 0
g6|19 0

#gn6HCC|GraphID|L
g6|18 0 1
g6|30 15 11
g6|29 15 11
g6|28 15 11
g6|26 11 15
g6|26 11 5
g6|25 10 5
g6|24 10 5
g6|23 10 5
g6|22 9 4
g6|21 5 11
g6|21 5 10
g6|21 5 2
g6|20 0 1
g6|19 0 1

#gn6HCCC|GraphID|L
g6|18 0 1 2
g6|30 15 11 5
g6|29 15 11 5
g6|28 15 11 5
g6|26 11 5 10
g6|26 11 5 2
g6|25 10 5 11
g6|25 10 5 2
g6|24 10 5 11
g6|24 10 5 2
g6|23 10 5 11
g6|23 10 5 2
g6|22 9 4 8
g6|22 9 4 2
g6|21 5 11 15
g6|21 5 2 4
g6|21 5 2 1
g6|20 0 1 3
g6|20 0 1 2
g6|19 0 1 3
g6|19 0 1 2
g6|18 0 1 3

#gn6HCCCC|GraphID|L
g6|18 0 1 2 4
g6|30 15 11 5 10
g6|30 15 11 5 2
g6|29 15 11 5 10
g6|29 15 11 5 2
g6|28 15 11 5 10
g6|28 15 11 5 2
g6|26 11 5 2 4
g6|26 11 5 2 1
g6|25 10 5 11 15
g6|25 10 5 2 4
g6|25 10 5 2 1
g6|24 10 5 11 15
g6|24 10 5 2 4
g6|24 10 5 2 1
g6|23 10 5 11 15
g6|23 10 5 2 4
g6|23 10 5 2 1
g6|22 9 4 8 7
g6|22 9 4 2 5
g6|22 9 4 2 1
g6|21 5 2 4 9
g6|21 5 2 4 8
g6|21 5 2 1 3
g6|21 5 2 1 0
g6|20 0 1 3 7
g6|20 0 1 2 5
g6|20 0 1 2 4
g6|19 0 1 3 7
g6|19 0 1 2 5
g6|19 0 1 2 4
g6|18 0 1 3 7
g6|18 0 1 2 5

#gn6HCCCCC|GraphID|L
g6|18 0 1 2 4 8
g6|30 15 11 5 2 4
g6|30 15 11 5 2 1
g6|29 15 11 5 2 4
g6|29 15 11 5 2 1
g6|28 15 11 5 2 4
g6|28 15 11 5 2 1
g6|26 11 5 2 4 9
g6|26 11 5 2 4 8
g6|26 11 5 2 1 3
g6|26 11 5 2 1 0
g6|25 10 5 2 4 9
g6|25 10 5 2 4 8
g6|25 10 5 2 1 3
g6|25 10 5 2 1 0
g6|24 10 5 2 4 9
g6|24 10 5 2 4 8
g6|24 10 5 2 1 3
g6|24 10 5 2 1 0
g6|23 10 5 2 4 9
g6|23 10 5 2 4 8
g6|23 10 5 2 1 3
g6|23 10 5 2 1 0
g6|22 9 4 8 7 12
g6|22 9 4 8 7 3
g6|22 9 4 2 5 11
g6|22 9 4 2 5 10
g6|22 9 4 2 1 3
g6|22 9 4 2 1 0
g6|21 5 2 4 8 7
g6|21 5 2 1 3 7
g6|20 0 1 3 7 8
g6|20 0 1 3 7 12
g6|20 0 1 2 5 11
g6|20 0 1 2 5 10
g6|20 0 1 2 4 9
g6|20 0 1 2 4 8
g6|19 0 1 3 7 8
g6|19 0 1 3 7 12
g6|19 0 1 2 5 11
g6|19 0 1 2 5 10
g6|19 0 1 2 4 9
g6|19 0 1 2 4 8
g6|18 0 1 3 7 8
g6|18 0 1 3 7 12
g6|18 0 1 2 5 11
g6|18 0 1 2 5 10
g6|18 0 1 2 4 9

#gn6HCCCCCC|GraphID|L
g6|18 0 1 2 4 8 7
g6|30 15 11 5 2 4 9
g6|30 15 11 5 2 4 8
g6|30 15 11 5 2 1 3
g6|30 15 11 5 2 1 0
g6|29 15 11 5 2 4 9
g6|29 15 11 5 2 4 8
g6|29 15 11 5 2 1 3
g6|29 15 11 5 2 1 0
g6|28 15 11 5 2 4 9
g6|28 15 11 5 2 4 8
g6|28 15 11 5 2 1 3
g6|28 15 11 5 2 1 0
g6|26 11 5 2 4 8 7
g6|26 11 5 2 1 3 7
g6|25 10 5 2 4 8 7
g6|25 10 5 2 1 3 7
g6|24 10 5 2 4 8 7
g6|24 10 5 2 1 3 7
g6|23 10 5 2 4 8 7
g6|23 10 5 2 1 3 7
g6|22 9 4 8 7 3 1
g6|22 9 4 2 5 11 15
g6|22 9 4 2 1 3 7
g6|21 5 2 4 8 7 12
g6|21 5 2 4 8 7 3
g6|21 5 2 1 3 7 8
g6|21 5 2 1 3 7 12
g6|20 0 1 3 7 8 4
g6|20 0 1 2 5 11 15
g6|20 0 1 2 4 8 7
g6|19 0 1 3 7 8 4
g6|19 0 1 2 5 11 15
g6|19 0 1 2 4 8 7
g6|18 0 1 3 7 8 4
g6|18 0 1 2 5 11 15

#gn6HCCCCCCC|GraphID|L
g6|18 0 1 2 4 8 7 3
g6|30 15 11 5 2 4 8 7
g6|30 15 11 5 2 1 3 7
g6|29 15 11 5 2 4 8 7
g6|29 15 11 5 2 1 3 7
g6|28 15 11 5 2 4 8 7
g6|28 15 11 5 2 1 3 7
g6|26 11 5 2 4 8 7 12
g6|26 11 5 2 4 8 7 3
g6|26 11 5 2 1 3 7 8
g6|26 11 5 2 1 3 7 12
g6|25 10 5 2 4 8 7 12
g6|25 10 5 2 4 8 7 3
g6|25 10 5 2 1 3 7 8
g6|25 10 5 2 1 3 7 12
g6|24 10 5 2 4 8 7 12
g6|24 10 5 2 4 8 7 3
g6|24 10 5 2 1 3 7 8
g6|24 10 5 2 1 3 7 12
g6|23 10 5 2 4 8 7 12
g6|23 10 5 2 4 8 7 3
g6|23 10 5 2 1 3 7 8
g6|23 10 5 2 1 3 7 12
g6|22 9 4 8 7 3 1 2
g6|22 9 4 8 7 3 1 0
g6|22 9 4 2 1 3 7 8
g6|22 9 4 2 1 3 7 12
g6|21 5 2 4 8 7 3 1
g6|21 5 2 1 3 7 8 4
g6|20 0 1 3 7 8 4 9
g6|20 0 1 3 7 8 4 2
g6|20 0 1 2 4 8 7 12
g6|20 0 1 2 4 8 7 3
g6|19 0 1 3 7 8 4 9
g6|19 0 1 3 7 8 4 2
g6|19 0 1 2 4 8 7 12
g6|19 0 1 2 4 8 7 3
g6|18 0 1 3 7 8 4 9
g6|18 0 1 3 7 8 4 2
g6|18 0 1 2 4 8 7 12

#gn6HCCCCCCCC|GraphID|L
g6|18 0 1 2 4 8 7 3 1
g6|30 15 11 5 2 4 8 7 12
g6|30 15 11 5 2 4 8 7 3
g6|30 15 11 5 2 1 3 7 8
g6|30 15 11 5 2 1 3 7 12
g6|29 15 11 5 2 4 8 7 12
g6|29 15 11 5 2 4 8 7 3
g6|29 15 11 5 2 1 3 7 8
g6|29 15 11 5 2 1 3 7 12
g6|28 15 11 5 2 4 8 7 12
g6|28 15 11 5 2 4 8 7 3
g6|28 15 11 5 2 1 3 7 8
g6|28 15 11 5 2 1 3 7 12
g6|26 11 5 2 4 8 7 3 1
g6|26 11 5 2 1 3 7 8 4
g6|25 10 5 2 4 8 7 3 1
g6|25 10 5 2 1 3 7 8 4
g6|24 10 5 2 4 8 7 3 1
g6|24 10 5 2 1 3 7 8 4
g6|23 10 5 2 4 8 7 3 1
g6|23 10 5 2 1 3 7 8 4
g6|22 9 4 8 7 3 1 2 5
g6|22 9 4 8 7 3 1 2 4
g6|22 9 4 2 1 3 7 8 4
g6|21 5 2 4 8 7 3 1 2
g6|21 5 2 4 8 7 3 1 0
g6|21 5 2 1 3 7 8 4 9
g6|21 5 2 1 3 7 8 4 2
g6|20 0 1 3 7 8 4 2 5
g6|20 0 1 3 7 8 4 2 1
g6|20 0 1 2 4 8 7 3 1
g6|19 0 1 3 7 8 4 2 5
g6|19 0 1 3 7 8 4 2 1
g6|19 0 1 2 4 8 7 3 1
g6|18 0 1 3 7 8 4 2 5
g6|18 0 1 3 7 8 4 2 1

#gn6HCCCCCCCO|GraphID|L
g6|18 0 1 2 4 8 7 3 6
g6|26 11 5 2 4 8 7 12 17
g6|26 11 5 2 4 8 7 12 16
g6|26 11 5 2 4 8 7 3 6
g6|26 11 5 2 1 3 7 8 13
g6|26 11 5 2 1 3 7 12 17
g6|26 11 5 2 1 3 7 12 16
g6|25 10 5 2 4 8 7 12 17
g6|25 10 5 2 4 8 7 12 16
g6|25 10 5 2 4 8 7 3 6
g6|25 10 5 2 1 3 7 8 13
g6|25 10 5 2 1 3 7 12 17
g6|25 10 5 2 1 3 7 12 16
g6|24 10 5 2 4 8 7 12 17
g6|24 10 5 2 4 8 7 12 16
g6|24 10 5 2 4 8 7 3 6
g6|24 10 5 2 1 3 7 8 13
g6|24 10 5 2 1 3 7 12 17
g6|24 10 5 2 1 3 7 12 16
g6|23 10 5 2 4 8 7 12 17
g6|23 10 5 2 4 8 7 12 16
g6|23 10 5 2 4 8 7 3 6
g6|23 10 5 2 1 3 7 8 13
g6|23 10 5 2 1 3 7 12 17
g6|23 10 5 2 1 3 7 12 16
g6|22 9 4 2 1 3 7 8 13
g6|22 9 4 2 1 3 7 12 17
g6|22 9 4 2 1 3 7 12 16
g6|20 0 1 3 7 8 4 9 14
g6|20 0 1 2 4 8 7 12 17
g6|20 0 1 2 4 8 7 12 16
g6|20 0 1 2 4 8 7 3 6
g6|19 0 1 3 7 8 4 9 14
g6|19 0 1 2 4 8 7 12 17
g6|19 0 1 2 4 8 7 12 16
g6|19 0 1 2 4 8 7 3 6
g6|18 0 1 3 7 8 4 9 14
g6|18 0 1 2 4 8 7 12 17
g6|18 0 1 2 4 8 7 12 16

#gn6HCCCCCCCOH|GraphID|L
g6|18 0 1 2 4 8 7 12 17 31
g6|26 11 5 2 4 8 7 12 17 31
g6|26 11 5 2 1 3 7 8 13 27
g6|26 11 5 2 1 3 7 12 17 31
g6|25 10 5 2 4 8 7 12 17 31
g6|25 10 5 2 1 3 7 8 13 27
g6|25 10 5 2 1 3 7 12 17 31
g6|24 10 5 2 4 8 7 12 17 31
g6|24 10 5 2 1 3 7 8 13 27
g6|24 10 5 2 1 3 7 12 17 31
g6|23 10 5 2 4 8 7 12 17 31
g6|23 10 5 2 1 3 7 8 13 27
g6|23 10 5 2 1 3 7 12 17 31
g6|22 9 4 2 1 3 7 8 13 27
g6|22 9 4 2 1 3 7 12 17 31
g6|20 0 1 2 4 8 7 12 17 31
g6|19 0 1 2 4 8 7 12 17 31

#gn6HCCCCCO|GraphID|L
g6|18 0 1 2 4 8 13
g6|26 11 5 2 4 9 14
g6|26 11 5 2 4 8 13
g6|26 11 5 2 1 3 6
g6|25 10 5 2 4 9 14
g6|25 10 5 2 4 8 13
g6|25 10 5 2 1 3 6
g6|24 10 5 2 4 9 14
g6|24 10 5 2 4 8 13
g6|24 10 5 2 1 3 6
g6|23 10 5 2 4 9 14
g6|23 10 5 2 4 8 13
g6|23 10 5 2 1 3 6
g6|22 9 4 8 7 12 17
g6|22 9 4 8 7 12 16
g6|22 9 4 8 7 3 6
g6|22 9 4 2 5 11 14
g6|22 9 4 2 1 3 6
g6|20 0 1 3 7 8 13
g6|20 0 1 3 7 12 17
g6|20 0 1 3 7 12 16
g6|20 0 1 2 5 11 14
g6|20 0 1 2 4 9 14
g6|20 0 1 2 4 8 13
g6|19 0 1 3 7 8 13
g6|19 0 1 3 7 12 17
g6|19 0 1 3 7 12 16
g6|19 0 1 2 5 11 14
g6|19 0 1 2 4 9 14
g6|19 0 1 2 4 8 13
g6|18 0 1 3 7 8 13
g6|18 0 1 3 7 12 17
g6|18 0 1 3 7 12 16
g6|18 0 1 2 5 11 14
g6|18 0 1 2 4 9 14

#gn6HCCCCCOC|GraphID|L
g6|18 0 1 2 4 9 14 11
g6|26 11 5 2 4 9 14 11
g6|25 10 5 2 4 9 14 11
g6|24 10 5 2 4 9 14 11
g6|23 10 5 2 4 9 14 11
g6|22 9 4 2 5 11 14 9
g6|20 0 1 2 5 11 14 9
g6|20 0 1 2 4 9 14 11
g6|19 0 1 2 5 11 14 9
g6|19 0 1 2 4 9 14 11
g6|18 0 1 2 5 11 14 9

#gn6HCCCCCOCC|GraphID|L
g6|18 0 1 2 4 9 14 11 5
g6|26 11 5 2 4 9 14 11 15
g6|25 10 5 2 4 9 14 11 15
g6|25 10 5 2 4 9 14 11 5
g6|24 10 5 2 4 9 14 11 15
g6|24 10 5 2 4 9 14 11 5
g6|23 10 5 2 4 9 14 11 15
g6|23 10 5 2 4 9 14 11 5
g6|20 0 1 2 5 11 14 9 4
g6|20 0 1 2 4 9 14 11 15
g6|20 0 1 2 4 9 14 11 5
g6|19 0 1 2 5 11 14 9 4
g6|19 0 1 2 4 9 14 11 15
g6|19 0 1 2 4 9 14 11 5
g6|18 0 1 2 5 11 14 9 4
g6|18 0 1 2 4 9 14 11 15

#gn6HCCCCCOCCCH|GraphID|L
g6|18 0 1 2 4 9 14 11 5 10 23
g6|20 0 1 2 4 9 14 11 5 10 25
g6|20 0 1 2 4 9 14 11 5 10 24
g6|20 0 1 2 4 9 14 11 5 10 23
g6|19 0 1 2 4 9 14 11 5 10 25
g6|19 0 1 2 4 9 14 11 5 10 24
g6|19 0 1 2 4 9 14 11 5 10 23
g6|18 0 1 2 4 9 14 11 5 10 25
g6|18 0 1 2 4 9 14 11 5 10 24

#gn6HCCCCCOCCH|GraphID|L
g6|18 0 1 2 4 9 14 11 5 21
g6|26 11 5 2 4 9 14 11 15 30
g6|26 11 5 2 4 9 14 11 15 29
g6|26 11 5 2 4 9 14 11 15 28
g6|25 10 5 2 4 9 14 11 15 30
g6|25 10 5 2 4 9 14 11 15 29
g6|25 10 5 2 4 9 14 11 15 28
g6|25 10 5 2 4 9 14 11 5 21
g6|24 10 5 2 4 9 14 11 15 30
g6|24 10 5 2 4 9 14 11 15 29
g6|24 10 5 2 4 9 14 11 15 28
g6|24 10 5 2 4 9 14 11 5 21
g6|23 10 5 2 4 9 14 11 15 30
g6|23 10 5 2 4 9 14 11 15 29
g6|23 10 5 2 4 9 14 11 15 28
g6|23 10 5 2 4 9 14 11 5 21
g6|20 0 1 2 4 9 14 11 15 30
g6|20 0 1 2 4 9 14 11 15 29
g6|20 0 1 2 4 9 14 11 15 28
g6|20 0 1 2 4 9 14 11 5 21
g6|19 0 1 2 4 9 14 11 15 30
g6|19 0 1 2 4 9 14 11 15 29
g6|19 0 1 2 4 9 14 11 15 28
g6|19 0 1 2 4 9 14 11 5 21
g6|18 0 1 2 4 9 14 11 15 30
g6|18 0 1 2 4 9 14 11 15 29
g6|18 0 1 2 4 9 14 11 15 28

#gn6HCCCCCOCH|GraphID|L
g6|18 0 1 2 4 9 14 11 26
g6|25 10 5 2 4 9 14 11 26
g6|24 10 5 2 4 9 14 11 26
g6|23 10 5 2 4 9 14 11 26
g6|20 0 1 2 5 11 14 9 22
g6|20 0 1 2 4 9 14 11 26
g6|19 0 1 2 5 11 14 9 22
g6|19 0 1 2 4 9 14 11 26
g6|18 0 1 2 5 11 14 9 22

#gn6HCCCCCH|GraphID|L
g6|18 0 1 2 4 9 22
g6|26 11 5 2 4 9 22
g6|26 11 5 2 1 0 20
g6|26 11 5 2 1 0 19
g6|26 11 5 2 1 0 18
g6|25 10 5 2 4 9 22
g6|25 10 5 2 1 0 20
g6|25 10 5 2 1 0 19
g6|25 10 5 2 1 0 18
g6|24 10 5 2 4 9 22
g6|24 10 5 2 1 0 20
g6|24 10 5 2 1 0 19
g6|24 10 5 2 1 0 18
g6|23 10 5 2 4 9 22
g6|23 10 5 2 1 0 20
g6|23 10 5 2 1 0 19
g6|23 10 5 2 1 0 18
g6|22 9 4 2 5 11 26
g6|22 9 4 2 5 10 25
g6|22 9 4 2 5 10 24
g6|22 9 4 2 5 10 23
g6|22 9 4 2 1 0 20
g6|22 9 4 2 1 0 19
g6|22 9 4 2 1 0 18
g6|20 0 1 2 5 11 26
g6|20 0 1 2 5 10 25
g6|20 0 1 2 5 10 24
g6|20 0 1 2 5 10 23
g6|20 0 1 2 4 9 22
g6|19 0 1 2 5 11 26
g6|19 0 1 2 5 10 25
g6|19 0 1 2 5 10 24
g6|19 0 1 2 5 10 23
g6|19 0 1 2 4 9 22
g6|18 0 1 2 5 11 26
g6|18 0 1 2 5 10 25
g6|18 0 1 2 5 10 24
g6|18 0 1 2 5 10 23

#gn6HCCCCCCH|GraphID|L
g6|18 0 1 2 5 11 15 28
g6|30 15 11 5 2 4 9 22
g6|30 15 11 5 2 1 0 20
g6|30 15 11 5 2 1 0 19
g6|30 15 11 5 2 1 0 18
g6|29 15 11 5 2 4 9 22
g6|29 15 11 5 2 1 0 20
g6|29 15 11 5 2 1 0 19
g6|29 15 11 5 2 1 0 18
g6|28 15 11 5 2 4 9 22
g6|28 15 11 5 2 1 0 20
g6|28 15 11 5 2 1 0 19
g6|28 15 11 5 2 1 0 18
g6|22 9 4 2 5 11 15 30
g6|22 9 4 2 5 11 15 29
g6|22 9 4 2 5 11 15 28
g6|20 0 1 2 5 11 15 30
g6|20 0 1 2 5 11 15 29
g6|20 0 1 2 5 11 15 28
g6|19 0 1 2 5 11 15 30
g6|19 0 1 2 5 11 15 29
g6|19 0 1 2 5 11 15 28
g6|18 0 1 2 5 11 15 30
g6|18 0 1 2 5 11 15 29

#gn6HCCCCCOCCCC|GraphID|L
g6|18 0 1 2 5 11 14 9 4 8 7
g6|20 0 1 2 5 11 14 9 4 8 7
g6|19 0 1 2 5 11 14 9 4 8 7

#gn6HCCCCCOCCCO|GraphID|L
g6|18 0 1 2 5 11 14 9 4 8 13
g6|20 0 1 2 5 11 14 9 4 8 13
g6|19 0 1 2 5 11 14 9 4 8 13

#gn6HCCCCH|GraphID|L
g6|18 0 1 2 5 21
g6|30 15 11 5 10 25
g6|30 15 11 5 10 24
g6|30 15 11 5 10 23
g6|29 15 11 5 10 25
g6|29 15 11 5 10 24
g6|29 15 11 5 10 23
g6|28 15 11 5 10 25
g6|28 15 11 5 10 24
g6|28 15 11 5 10 23
g6|25 10 5 11 15 30
g6|25 10 5 11 15 29
g6|25 10 5 11 15 28
g6|24 10 5 11 15 30
g6|24 10 5 11 15 29
g6|24 10 5 11 15 28
g6|23 10 5 11 15 30
g6|23 10 5 11 15 29
g6|23 10 5 11 15 28
g6|22 9 4 2 5 21
g6|21 5 2 4 9 22
g6|21 5 2 1 0 20
g6|21 5 2 1 0 19
g6|21 5 2 1 0 18
g6|20 0 1 2 5 21
g6|19 0 1 2 5 21

#gn6HCCCO|GraphID|L
g6|18 0 1 3 6
g6|25 10 5 11 14
g6|24 10 5 11 14
g6|23 10 5 11 14
g6|22 9 4 8 13
g6|20 0 1 3 6
g6|19 0 1 3 6

#gn6HCCCCCCCCC|GraphID|L
g6|18 0 1 3 7 8 4 2 5 10
g6|30 15 11 5 2 4 8 7 3 1
g6|30 15 11 5 2 1 3 7 8 4
g6|29 15 11 5 2 4 8 7 3 1
g6|29 15 11 5 2 1 3 7 8 4
g6|28 15 11 5 2 4 8 7 3 1
g6|28 15 11 5 2 1 3 7 8 4
g6|26 11 5 2 4 8 7 3 1 2
g6|26 11 5 2 4 8 7 3 1 0
g6|26 11 5 2 1 3 7 8 4 9
g6|26 11 5 2 1 3 7 8 4 2
g6|25 10 5 2 4 8 7 3 1 2
g6|25 10 5 2 4 8 7 3 1 0
g6|25 10 5 2 1 3 7 8 4 9
g6|25 10 5 2 1 3 7 8 4 2
g6|24 10 5 2 4 8 7 3 1 2
g6|24 10 5 2 4 8 7 3 1 0
g6|24 10 5 2 1 3 7 8 4 9
g6|24 10 5 2 1 3 7 8 4 2
g6|23 10 5 2 4 8 7 3 1 2
g6|23 10 5 2 4 8 7 3 1 0
g6|23 10 5 2 1 3 7 8 4 9
g6|23 10 5 2 1 3 7 8 4 2
g6|22 9 4 8 7 3 1 2 5 11
g6|22 9 4 8 7 3 1 2 5 10
g6|20 0 1 3 7 8 4 2 5 11
g6|20 0 1 3 7 8 4 2 5 10
g6|19 0 1 3 7 8 4 2 5 11
g6|19 0 1 3 7 8 4 2 5 10
g6|18 0 1 3 7 8 4 2 5 11

#gn6HCCCCCCCCCH|GraphID|L
g6|18 0 1 3 7 8 4 2 5 10 23
g6|26 11 5 2 4 8 7 3 1 0 20
g6|26 11 5 2 4 8 7 3 1 0 19
g6|26 11 5 2 4 8 7 3 1 0 18
g6|26 11 5 2 1 3 7 8 4 9 22
g6|25 10 5 2 4 8 7 3 1 0 20
g6|25 10 5 2 4 8 7 3 1 0 19
g6|25 10 5 2 4 8 7 3 1 0 18
g6|25 10 5 2 1 3 7 8 4 9 22
g6|24 10 5 2 4 8 7 3 1 0 20
g6|24 10 5 2 4 8 7 3 1 0 19
g6|24 10 5 2 4 8 7 3 1 0 18
g6|24 10 5 2 1 3 7 8 4 9 22
g6|23 10 5 2 4 8 7 3 1 0 20
g6|23 10 5 2 4 8 7 3 1 0 19
g6|23 10 5 2 4 8 7 3 1 0 18
g6|23 10 5 2 1 3 7 8 4 9 22
g6|22 9 4 8 7 3 1 2 5 11 26
g6|22 9 4 8 7 3 1 2 5 10 25
g6|22 9 4 8 7 3 1 2 5 10 24
g6|22 9 4 8 7 3 1 2 5 10 23
g6|20 0 1 3 7 8 4 2 5 11 26
g6|20 0 1 3 7 8 4 2 5 10 25
g6|20 0 1 3 7 8 4 2 5 10 24
g6|20 0 1 3 7 8 4 2 5 10 23
g6|19 0 1 3 7 8 4 2 5 11 26
g6|19 0 1 3 7 8 4 2 5 10 25
g6|19 0 1 3 7 8 4 2 5 10 24
g6|19 0 1 3 7 8 4 2 5 10 23
g6|18 0 1 3 7 8 4 2 5 11 26
g6|18 0 1 3 7 8 4 2 5 10 25
g6|18 0 1 3 7 8 4 2 5 10 24

#gn6HCCCCCCCCCC|GraphID|L
g6|18 0 1 3 7 8 4 2 5 11 15
g6|30 15 11 5 2 4 8 7 3 1 2
g6|30 15 11 5 2 4 8 7 3 1 0
g6|30 15 11 5 2 1 3 7 8 4 9
g6|30 15 11 5 2 1 3 7 8 4 2
g6|29 15 11 5 2 4 8 7 3 1 2
g6|29 15 11 5 2 4 8 7 3 1 0
g6|29 15 11 5 2 1 3 7 8 4 9
g6|29 15 11 5 2 1 3 7 8 4 2
g6|28 15 11 5 2 4 8 7 3 1 2
g6|28 15 11 5 2 4 8 7 3 1 0
g6|28 15 11 5 2 1 3 7 8 4 9
g6|28 15 11 5 2 1 3 7 8 4 2
g6|22 9 4 8 7 3 1 2 5 11 15
g6|20 0 1 3 7 8 4 2 5 11 15
g6|19 0 1 3 7 8 4 2 5 11 15

#gn6HCCCCCCCCCO|GraphID|L
g6|18 0 1 3 7 8 4 2 5 11 14
g6|26 11 5 2 1 3 7 8 4 9 14
g6|25 10 5 2 1 3 7 8 4 9 14
g6|24 10 5 2 1 3 7 8 4 9 14
g6|23 10 5 2 1 3 7 8 4 9 14
g6|22 9 4 8 7 3 1 2 5 11 14
g6|20 0 1 3 7 8 4 2 5 11 14
g6|19 0 1 3 7 8 4 2 5 11 14

#gn6HCCCCCCCCH|GraphID|L
g6|18 0 1 3 7 8 4 2 5 21
g6|22 9 4 8 7 3 1 2 5 21
g6|21 5 2 4 8 7 3 1 0 20
g6|21 5 2 4 8 7 3 1 0 19
g6|21 5 2 4 8 7 3 1 0 18
g6|21 5 2 1 3 7 8 4 9 22
g6|20 0 1 3 7 8 4 2 5 21
g6|19 0 1 3 7 8 4 2 5 21

#gn6HCCCCCCCOCH|GraphID|L
g6|18 0 1 3 7 8 4 9 14 11 26
g6|20 0 1 3 7 8 4 9 14 11 26
g6|19 0 1 3 7 8 4 9 14 11 26

#gn6HCCCCOC|GraphID|L
g6|21 5 2 4 9 14 11

#gn6HCCCCCCCH|GraphID|L
g6|18 0 1 3 7 8 4 9 22
g6|22 9 4 8 7 3 1 0 20
g6|22 9 4 8 7 3 1 0 19
g6|22 9 4 8 7 3 1 0 18
g6|20 0 1 3 7 8 4 9 22
g6|19 0 1 3 7 8 4 9 22

#gn6HCH|GraphID|L
g6|18 0 19
g6|30 15 29
g6|30 15 28
g6|29 15 30
g6|29 15 28
g6|28 15 30
g6|28 15 29
g6|25 10 24
g6|25 10 23
g6|24 10 25
g6|24 10 23
g6|23 10 25
g6|23 10 24
g6|20 0 19
g6|20 0 18
g6|19 0 20
g6|19 0 18
g6|18 0 20

#gn6HCCCCCCCCO|GraphID|L
g6|21 5 2 1 3 7 8 4 9 14
g6|30 15 11 5 2 4 8 7 12 17
g6|30 15 11 5 2 4 8 7 12 16
g6|30 15 11 5 2 4 8 7 3 6
g6|30 15 11 5 2 1 3 7 8 13
g6|30 15 11 5 2 1 3 7 12 17
g6|30 15 11 5 2 1 3 7 12 16
g6|29 15 11 5 2 4 8 7 12 17
g6|29 15 11 5 2 4 8 7 12 16
g6|29 15 11 5 2 4 8 7 3 6
g6|29 15 11 5 2 1 3 7 8 13
g6|29 15 11 5 2 1 3 7 12 17
g6|29 15 11 5 2 1 3 7 12 16
g6|28 15 11 5 2 4 8 7 12 17
g6|28 15 11 5 2 4 8 7 12 16
g6|28 15 11 5 2 4 8 7 3 6
g6|28 15 11 5 2 1 3 7 8 13
g6|28 15 11 5 2 1 3 7 12 17
g6|28 15 11 5 2 1 3 7 12 16

#gn6HCCCOCC|GraphID|L
g6|23 10 5 11 14 9 4
g6|25 10 5 11 14 9 4
g6|24 10 5 11 14 9 4

#gn6HCCCCO|GraphID|L
g6|21 5 2 1 3 6
g6|21 5 2 4 9 14
g6|21 5 2 4 8 13

#gn6HOCCCCCCCH|GraphID|L
g6|27 13 8 7 3 1 2 4 9 22
g6|31 17 12 7 8 4 2 5 11 26
g6|31 17 12 7 8 4 2 5 10 25
g6|31 17 12 7 8 4 2 5 10 24
g6|31 17 12 7 8 4 2 5 10 23
g6|31 17 12 7 8 4 2 1 0 20
g6|31 17 12 7 8 4 2 1 0 19
g6|31 17 12 7 8 4 2 1 0 18
g6|31 17 12 7 3 1 2 5 11 26
g6|31 17 12 7 3 1 2 5 10 25
g6|31 17 12 7 3 1 2 5 10 24
g6|31 17 12 7 3 1 2 5 10 23
g6|31 17 12 7 3 1 2 4 9 22
g6|27 13 8 7 3 1 2 5 11 26
g6|27 13 8 7 3 1 2 5 10 25
g6|27 13 8 7 3 1 2 5 10 24
g6|27 13 8 7 3 1 2 5 10 23

#gn6HCCCCCCO|GraphID|L
g6|21 5 2 1 3 7 12 16
g6|30 15 11 5 2 4 9 14
g6|30 15 11 5 2 4 8 13
g6|30 15 11 5 2 1 3 6
g6|29 15 11 5 2 4 9 14
g6|29 15 11 5 2 4 8 13
g6|29 15 11 5 2 1 3 6
g6|28 15 11 5 2 4 9 14
g6|28 15 11 5 2 4 8 13
g6|28 15 11 5 2 1 3 6
g6|21 5 2 4 8 7 12 17
g6|21 5 2 4 8 7 12 16
g6|21 5 2 4 8 7 3 6
g6|21 5 2 1 3 7 8 13
g6|21 5 2 1 3 7 12 17

#gn6HCCCCCCOH|GraphID|L
g6|21 5 2 1 3 7 12 17 31
g6|30 15 11 5 2 4 8 13 27
g6|29 15 11 5 2 4 8 13 27
g6|28 15 11 5 2 4 8 13 27
g6|21 5 2 4 8 7 12 17 31
g6|21 5 2 1 3 7 8 13 27

#gn6HCCCCCCCCOC|GraphID|L
g6|21 5 2 1 3 7 8 4 9 14 11

#gn6HCCCOCCC|GraphID|L
g6|23 10 5 11 14 9 4 2
g6|25 10 5 11 14 9 4 8
g6|25 10 5 11 14 9 4 2
g6|24 10 5 11 14 9 4 8
g6|24 10 5 11 14 9 4 2
g6|23 10 5 11 14 9 4 8

#gn6HCCCCOH|GraphID|L
g6|21 5 2 4 8 13 27

#gn6HCCCCOCC|GraphID|L
g6|21 5 2 4 9 14 11 5
g6|21 5 2 4 9 14 11 15

#gn6HCCCCOCCC|GraphID|L
g6|21 5 2 4 9 14 11 5 10

#gn6HOCCCO|GraphID|L
g6|27 13 8 4 9 14
g6|31 17 12 7 8 13
g6|31 17 12 7 3 6
g6|27 13 8 7 12 17
g6|27 13 8 7 12 16
g6|27 13 8 7 3 6

#gn6HOCCCOCCCH|GraphID|L
g6|27 13 8 4 9 14 11 5 10 23
g6|27 13 8 4 9 14 11 5 10 25
g6|27 13 8 4 9 14 11 5 10 24

#gn6HCCCCOCCCH|GraphID|L
g6|21 5 2 4 9 14 11 5 10 23
g6|21 5 2 4 9 14 11 5 10 25
g6|21 5 2 4 9 14 11 5 10 24

#gn6HOCCCOH|GraphID|L
g6|27 13 8 7 12 17 31
g6|31 17 12 7 8 13 27

#gn6HCCCCOCCH|GraphID|L
g6|21 5 2 4 9 14 11 15 28
g6|21 5 2 4 9 14 11 15 30
g6|21 5 2 4 9 14 11 15 29

#gn6HCCCCOCH|GraphID|L
g6|21 5 2 4 9 14 11 26

#gn6HCCH|GraphID|L
g6|21 5 10 23
g6|30 15 11 26
g6|29 15 11 26
g6|28 15 11 26
g6|26 11 15 30
g6|26 11 15 29
g6|26 11 15 28
g6|26 11 5 21
g6|25 10 5 21
g6|24 10 5 21
g6|23 10 5 21
g6|21 5 11 26
g6|21 5 10 25
g6|21 5 10 24

#gn6HOCCCC|GraphID|L
g6|27 13 8 4 2 1
g6|31 17 12 7 8 4
g6|31 17 12 7 3 1
g6|27 13 8 7 3 1
g6|27 13 8 4 2 5

#gn6HCCCH|GraphID|L
g6|21 5 11 15 28
g6|30 15 11 5 21
g6|29 15 11 5 21
g6|28 15 11 5 21
g6|26 11 5 10 25
g6|26 11 5 10 24
g6|26 11 5 10 23
g6|25 10 5 11 26
g6|24 10 5 11 26
g6|23 10 5 11 26
g6|21 5 11 15 30
g6|21 5 11 15 29

#gn6HCCO|GraphID|L
g6|21 5 11 14
g6|30 15 11 14
g6|29 15 11 14
g6|28 15 11 14

#gn6HOCCCOCCCC|GraphID|L
g6|27 13 8 4 9 14 11 5 2 1
g6|27 13 8 4 9 14 11 5 2 4

#gn6HCCOC|GraphID|L
g6|21 5 11 14 9
g6|30 15 11 14 9
g6|29 15 11 14 9
g6|28 15 11 14 9

#gn6HOCCCOCCCCC|GraphID|L
g6|27 13 8 4 9 14 11 5 2 1 0
g6|27 13 8 4 9 14 11 5 2 1 3

#gn6HCCOCC|GraphID|L
g6|21 5 11 14 9 4
g6|30 15 11 14 9 4
g6|29 15 11 14 9 4
g6|28 15 11 14 9 4

#gn6HCCOCCC|GraphID|L
g6|21 5 11 14 9 4 2
g6|30 15 11 14 9 4 8
g6|30 15 11 14 9 4 2
g6|29 15 11 14 9 4 8
g6|29 15 11 14 9 4 2
g6|28 15 11 14 9 4 8
g6|28 15 11 14 9 4 2
g6|21 5 11 14 9 4 8

#gn6HCCOCCCC|GraphID|L
g6|21 5 11 14 9 4 2 1
g6|30 15 11 14 9 4 8 7
g6|30 15 11 14 9 4 2 5
g6|30 15 11 14 9 4 2 1
g6|29 15 11 14 9 4 8 7
g6|29 15 11 14 9 4 2 5
g6|29 15 11 14 9 4 2 1
g6|28 15 11 14 9 4 8 7
g6|28 15 11 14 9 4 2 5
g6|28 15 11 14 9 4 2 1
g6|21 5 11 14 9 4 8 7
g6|21 5 11 14 9 4 2 5

#gn6HCCOCCCCC|GraphID|L
g6|21 5 11 14 9 4 2 1 0
g6|30 15 11 14 9 4 8 7 12
g6|30 15 11 14 9 4 8 7 3
g6|30 15 11 14 9 4 2 5 11
g6|30 15 11 14 9 4 2 5 10
g6|30 15 11 14 9 4 2 1 3
g6|30 15 11 14 9 4 2 1 0
g6|29 15 11 14 9 4 8 7 12
g6|29 15 11 14 9 4 8 7 3
g6|29 15 11 14 9 4 2 5 11
g6|29 15 11 14 9 4 2 5 10
g6|29 15 11 14 9 4 2 1 3
g6|29 15 11 14 9 4 2 1 0
g6|28 15 11 14 9 4 8 7 12
g6|28 15 11 14 9 4 8 7 3
g6|28 15 11 14 9 4 2 5 11
g6|28 15 11 14 9 4 2 5 10
g6|28 15 11 14 9 4 2 1 3
g6|28 15 11 14 9 4 2 1 0
g6|21 5 11 14 9 4 8 7 12
g6|21 5 11 14 9 4 8 7 3
g6|21 5 11 14 9 4 2 5 10
g6|21 5 11 14 9 4 2 1 3

#gn6HCCOCCCCCH|GraphID|L
g6|21 5 11 14 9 4 2 1 0 18
g6|30 15 11 14 9 4 2 5 11 26
g6|30 15 11 14 9 4 2 5 10 25
g6|30 15 11 14 9 4 2 5 10 24
g6|30 15 11 14 9 4 2 5 10 23
g6|30 15 11 14 9 4 2 1 0 20
g6|30 15 11 14 9 4 2 1 0 19
g6|30 15 11 14 9 4 2 1 0 18
g6|29 15 11 14 9 4 2 5 11 26
g6|29 15 11 14 9 4 2 5 10 25
g6|29 15 11 14 9 4 2 5 10 24
g6|29 15 11 14 9 4 2 5 10 23
g6|29 15 11 14 9 4 2 1 0 20
g6|29 15 11 14 9 4 2 1 0 19
g6|29 15 11 14 9 4 2 1 0 18
g6|28 15 11 14 9 4 2 5 11 26
g6|28 15 11 14 9 4 2 5 10 25
g6|28 15 11 14 9 4 2 5 10 24
g6|28 15 11 14 9 4 2 5 10 23
g6|28 15 11 14 9 4 2 1 0 20
g6|28 15 11 14 9 4 2 1 0 19
g6|28 15 11 14 9 4 2 1 0 18
g6|21 5 11 14 9 4 2 5 10 25
g6|21 5 11 14 9 4 2 5 10 24
g6|21 5 11 14 9 4 2 5 10 23
g6|21 5 11 14 9 4 2 1 0 20
g6|21 5 11 14 9 4 2 1 0 19

#gn6HCCOCCCCCO|GraphID|L
g6|21 5 11 14 9 4 2 1 3 6
g6|30 15 11 14 9 4 8 7 12 17
g6|30 15 11 14 9 4 8 7 12 16
g6|30 15 11 14 9 4 8 7 3 6
g6|30 15 11 14 9 4 2 1 3 6
g6|29 15 11 14 9 4 8 7 12 17
g6|29 15 11 14 9 4 8 7 12 16
g6|29 15 11 14 9 4 8 7 3 6
g6|29 15 11 14 9 4 2 1 3 6
g6|28 15 11 14 9 4 8 7 12 17
g6|28 15 11 14 9 4 8 7 12 16
g6|28 15 11 14 9 4 8 7 3 6
g6|28 15 11 14 9 4 2 1 3 6
g6|21 5 11 14 9 4 8 7 12 17
g6|21 5 11 14 9 4 8 7 12 16
g6|21 5 11 14 9 4 8 7 3 6

#gn6HCCOCCCCCC|GraphID|L
g6|21 5 11 14 9 4 2 1 3 7
g6|30 15 11 14 9 4 8 7 3 1
g6|30 15 11 14 9 4 2 1 3 7
g6|29 15 11 14 9 4 8 7 3 1
g6|29 15 11 14 9 4 2 1 3 7
g6|28 15 11 14 9 4 8 7 3 1
g6|28 15 11 14 9 4 2 1 3 7
g6|21 5 11 14 9 4 8 7 3 1

#gn6HCCOCCCCCCC|GraphID|L
g6|21 5 11 14 9 4 2 1 3 7 12
g6|30 15 11 14 9 4 8 7 3 1 2
g6|30 15 11 14 9 4 8 7 3 1 0
g6|30 15 11 14 9 4 2 1 3 7 8
g6|30 15 11 14 9 4 2 1 3 7 12
g6|29 15 11 14 9 4 8 7 3 1 2
g6|29 15 11 14 9 4 8 7 3 1 0
g6|29 15 11 14 9 4 2 1 3 7 8
g6|29 15 11 14 9 4 2 1 3 7 12
g6|28 15 11 14 9 4 8 7 3 1 2
g6|28 15 11 14 9 4 8 7 3 1 0
g6|28 15 11 14 9 4 2 1 3 7 8
g6|28 15 11 14 9 4 2 1 3 7 12
g6|21 5 11 14 9 4 8 7 3 1 2
g6|21 5 11 14 9 4 8 7 3 1 0
g6|21 5 11 14 9 4 2 1 3 7 8

#gn6HCCOCCCCCOH|GraphID|L
g6|21 5 11 14 9 4 8 7 12 17 31
g6|30 15 11 14 9 4 8 7 12 17 31
g6|29 15 11 14 9 4 8 7 12 17 31
g6|28 15 11 14 9 4 8 7 12 17 31

#gn6HCCOCCCO|GraphID|L
g6|21 5 11 14 9 4 8 13
g6|30 15 11 14 9 4 8 13
g6|29 15 11 14 9 4 8 13
g6|28 15 11 14 9 4 8 13

#gn6HCCOCH|GraphID|L
g6|21 5 11 14 9 22
g6|30 15 11 14 9 22
g6|29 15 11 14 9 22
g6|28 15 11 14 9 22

#gn6HCCCOH|GraphID|L
g6|22 9 4 8 13 27

#gn6HCO|GraphID|L
g6|22 9 14
g6|26 11 14

#gn6HCOC|GraphID|L
g6|22 9 14 11
g6|26 11 14 9

#gn6HCOCC|GraphID|L
g6|22 9 14 11 5
g6|26 11 14 9 4
g6|22 9 14 11 15

#gn6HCOCCC|GraphID|L
g6|22 9 14 11 5 2
g6|26 11 14 9 4 8
g6|26 11 14 9 4 2
g6|22 9 14 11 5 10

#gn6HCOCCCOH|GraphID|L
g6|26 11 14 9 4 8 13 27

#gn6HCOCCCCC|GraphID|L
g6|22 9 14 11 5 2 1 0
g6|26 11 14 9 4 8 7 12
g6|26 11 14 9 4 8 7 3
g6|26 11 14 9 4 2 5 11
g6|26 11 14 9 4 2 5 10
g6|26 11 14 9 4 2 1 3
g6|26 11 14 9 4 2 1 0
g6|22 9 14 11 5 2 4 9
g6|22 9 14 11 5 2 4 8
g6|22 9 14 11 5 2 1 3

#gn6HCOCCCCCO|GraphID|L
g6|22 9 14 11 5 2 1 3 6
g6|26 11 14 9 4 8 7 12 17
g6|26 11 14 9 4 8 7 12 16
g6|26 11 14 9 4 8 7 3 6
g6|26 11 14 9 4 2 1 3 6
g6|22 9 14 11 5 2 4 8 13

#gn6HCOCCCCCC|GraphID|L
g6|22 9 14 11 5 2 1 3 7
g6|26 11 14 9 4 8 7 3 1
g6|26 11 14 9 4 2 5 11 15
g6|26 11 14 9 4 2 1 3 7
g6|22 9 14 11 5 2 4 8 7

#gn6HCOCCCCCCCO|GraphID|L
g6|22 9 14 11 5 2 1 3 7 12 16
g6|26 11 14 9 4 2 1 3 7 8 13
g6|26 11 14 9 4 2 1 3 7 12 17
g6|26 11 14 9 4 2 1 3 7 12 16
g6|22 9 14 11 5 2 4 8 7 12 17
g6|22 9 14 11 5 2 4 8 7 12 16
g6|22 9 14 11 5 2 4 8 7 3 6
g6|22 9 14 11 5 2 1 3 7 8 13
g6|22 9 14 11 5 2 1 3 7 12 17

#gn6HCOCCCCCCCC|GraphID|L
g6|22 9 14 11 5 2 1 3 7 8 4
g6|26 11 14 9 4 8 7 3 1 2 5
g6|26 11 14 9 4 8 7 3 1 2 4
g6|26 11 14 9 4 2 1 3 7 8 4
g6|22 9 14 11 5 2 4 8 7 3 1

#gn6HCOCCCCCOH|GraphID|L
g6|22 9 14 11 5 2 4 8 13 27
g6|26 11 14 9 4 8 7 12 17 31

#gn6HCOCCH|GraphID|L
g6|22 9 14 11 5 21
g6|22 9 14 11 15 30
g6|22 9 14 11 15 29
g6|22 9 14 11 15 28

#gn6HCOCH|GraphID|L
g6|22 9 14 11 26
g6|26 11 14 9 22

#gn6HCCCOC|GraphID|L
g6|23 10 5 11 14 9
g6|25 10 5 11 14 9
g6|24 10 5 11 14 9

#gn6HCCCOCCCC|GraphID|L
g6|23 10 5 11 14 9 4 2 1
g6|25 10 5 11 14 9 4 8 7
g6|25 10 5 11 14 9 4 2 5
g6|25 10 5 11 14 9 4 2 1
g6|24 10 5 11 14 9 4 8 7
g6|24 10 5 11 14 9 4 2 5
g6|24 10 5 11 14 9 4 2 1
g6|23 10 5 11 14 9 4 8 7
g6|23 10 5 11 14 9 4 2 5

#gn6HCCCOCCCO|GraphID|L
g6|23 10 5 11 14 9 4 8 13
g6|25 10 5 11 14 9 4 8 13
g6|24 10 5 11 14 9 4 8 13

#gn6HCCCOCCCOH|GraphID|L
g6|23 10 5 11 14 9 4 8 13 27
g6|25 10 5 11 14 9 4 8 13 27
g6|24 10 5 11 14 9 4 8 13 27

#gn6HCCCOCH|GraphID|L
g6|23 10 5 11 14 9 22
g6|25 10 5 11 14 9 22
g6|24 10 5 11 14 9 22

#gn6HCOCCCCCCH|GraphID|L
g6|26 11 14 9 4 2 5 11 15 28
g6|26 11 14 9 4 2 5 11 15 30
g6|26 11 14 9 4 2 5 11 15 29

#gn6HCOCCCCH|GraphID|L
g6|26 11 14 9 4 2 5 21

#gn6HCOCCCCCCCH|GraphID|L
g6|26 11 14 9 4 8 7 3 1 0 18
g6|26 11 14 9 4 8 7 3 1 0 20
g6|26 11 14 9 4 8 7 3 1 0 19

#gn6HCOCCCO|GraphID|L
g6|26 11 14 9 4 8 13

#gn6HO|GraphID|L
g6|27 13
g6|31 17

#gn6HOCC|GraphID|L
g6|27 13 8 4
g6|31 17 12 7
g6|27 13 8 7

#gn6HOCCC|GraphID|L
g6|27 13 8 4 2
g6|31 17 12 7 8
g6|31 17 12 7 3
g6|27 13 8 7 12
g6|27 13 8 7 3
g6|27 13 8 4 9

#gn6HOCCCCC|GraphID|L
g6|27 13 8 4 2 1 0
g6|31 17 12 7 8 4 9
g6|31 17 12 7 8 4 2
g6|31 17 12 7 3 1 2
g6|31 17 12 7 3 1 0
g6|27 13 8 7 3 1 2
g6|27 13 8 7 3 1 0
g6|27 13 8 4 2 5 11
g6|27 13 8 4 2 5 10
g6|27 13 8 4 2 1 3

#gn6HOCCCCCH|GraphID|L
g6|27 13 8 4 2 1 0 18
g6|31 17 12 7 8 4 9 22
g6|31 17 12 7 3 1 0 20
g6|31 17 12 7 3 1 0 19
g6|31 17 12 7 3 1 0 18
g6|27 13 8 7 3 1 0 20
g6|27 13 8 7 3 1 0 19
g6|27 13 8 7 3 1 0 18
g6|27 13 8 4 2 5 11 26
g6|27 13 8 4 2 5 10 25
g6|27 13 8 4 2 5 10 24
g6|27 13 8 4 2 5 10 23
g6|27 13 8 4 2 1 0 20
g6|27 13 8 4 2 1 0 19

#gn6HOCCCCCO|GraphID|L
g6|27 13 8 4 2 1 3 6
g6|31 17 12 7 8 4 9 14
g6|27 13 8 4 2 5 11 14

#gn6HOCCCCCC|GraphID|L
g6|27 13 8 4 2 1 3 7
g6|31 17 12 7 8 4 2 5
g6|31 17 12 7 8 4 2 1
g6|31 17 12 7 3 1 2 5
g6|31 17 12 7 3 1 2 4
g6|27 13 8 7 3 1 2 5
g6|27 13 8 7 3 1 2 4
g6|27 13 8 4 2 5 11 15

#gn6HOCCCCCCC|GraphID|L
g6|27 13 8 4 2 1 3 7 12
g6|31 17 12 7 8 4 2 5 11
g6|31 17 12 7 8 4 2 5 10
g6|31 17 12 7 8 4 2 1 3
g6|31 17 12 7 8 4 2 1 0
g6|31 17 12 7 3 1 2 5 11
g6|31 17 12 7 3 1 2 5 10
g6|31 17 12 7 3 1 2 4 9
g6|31 17 12 7 3 1 2 4 8
g6|27 13 8 7 3 1 2 5 11
g6|27 13 8 7 3 1 2 5 10
g6|27 13 8 7 3 1 2 4 9
g6|27 13 8 7 3 1 2 4 8
g6|27 13 8 4 2 1 3 7 8

#gn6HOCCCCCCCO|GraphID|L
g6|27 13 8 4 2 1 3 7 12 16
g6|31 17 12 7 8 4 2 5 11 14
g6|31 17 12 7 8 4 2 1 3 6
g6|31 17 12 7 3 1 2 5 11 14
g6|31 17 12 7 3 1 2 4 9 14
g6|31 17 12 7 3 1 2 4 8 13
g6|27 13 8 7 3 1 2 5 11 14
g6|27 13 8 7 3 1 2 4 9 14
g6|27 13 8 4 2 1 3 7 12 17

#gn6HOCCCCCCCOH|GraphID|L
g6|27 13 8 4 2 1 3 7 12 17 31
g6|31 17 12 7 3 1 2 4 8 13 27

#gn6HOCCCCCCH|GraphID|L
g6|27 13 8 4 2 5 11 15 28
g6|31 17 12 7 8 4 2 5 21
g6|31 17 12 7 3 1 2 5 21
g6|27 13 8 7 3 1 2 5 21
g6|27 13 8 4 2 5 11 15 30
g6|27 13 8 4 2 5 11 15 29

#gn6HOCCCCCOC|GraphID|L
g6|27 13 8 4 2 5 11 14 9
g6|31 17 12 7 8 4 9 14 11

#gn6HOCCCCCOCC|GraphID|L
g6|27 13 8 4 2 5 11 14 9 4
g6|31 17 12 7 8 4 9 14 11 15
g6|31 17 12 7 8 4 9 14 11 5

#gn6HOCCCCCOCH|GraphID|L
g6|27 13 8 4 2 5 11 14 9 22
g6|31 17 12 7 8 4 9 14 11 26

#gn6HOCCCCH|GraphID|L
g6|27 13 8 4 2 5 21

#gn6HOCCCOC|GraphID|L
g6|27 13 8 4 9 14 11

#gn6HOCCCOCC|GraphID|L
g6|27 13 8 4 9 14 11 5
g6|27 13 8 4 9 14 11 15

#gn6HOCCCOCCC|GraphID|L
g6|27 13 8 4 9 14 11 5 2
g6|27 13 8 4 9 14 11 5 10

#gn6HOCCCOCCH|GraphID|L
g6|27 13 8 4 9 14 11 5 21
g6|27 13 8 4 9 14 11 15 30
g6|27 13 8 4 9 14 11 15 29
g6|27 13 8 4 9 14 11 15 28

#gn6HOCCCOCH|GraphID|L
g6|27 13 8 4 9 14 11 26

#gn6HOCCCH|GraphID|L
g6|27 13 8 4 9 22

#gn6HOCCCCCCCC|GraphID|L
g6|27 13 8 7 3 1 2 5 11 15
g6|31 17 12 7 8 4 2 5 11 15
g6|31 17 12 7 8 4 2 1 3 7
g6|31 17 12 7 3 1 2 5 11 15
g6|31 17 12 7 3 1 2 4 8 7

#gn6HOCCCCCCCCH|GraphID|L
g6|27 13 8 7 3 1 2 5 11 15 28
g6|31 17 12 7 8 4 2 5 11 15 30
g6|31 17 12 7 8 4 2 5 11 15 29
g6|31 17 12 7 8 4 2 5 11 15 28
g6|31 17 12 7 3 1 2 5 11 15 30
g6|31 17 12 7 3 1 2 5 11 15 29
g6|31 17 12 7 3 1 2 5 11 15 28
g6|27 13 8 7 3 1 2 5 11 15 30
g6|27 13 8 7 3 1 2 5 11 15 29

#gn6HCCCCCCCCOH|GraphID|L
g6|28 15 11 5 2 1 3 7 12 17 31
g6|30 15 11 5 2 4 8 7 12 17 31
g6|30 15 11 5 2 1 3 7 8 13 27
g6|30 15 11 5 2 1 3 7 12 17 31
g6|29 15 11 5 2 4 8 7 12 17 31
g6|29 15 11 5 2 1 3 7 8 13 27
g6|29 15 11 5 2 1 3 7 12 17 31
g6|28 15 11 5 2 4 8 7 12 17 31
g6|28 15 11 5 2 1 3 7 8 13 27

#gn6HCCCCCCOC|GraphID|L
g6|28 15 11 5 2 4 9 14 11
g6|30 15 11 5 2 4 9 14 11
g6|29 15 11 5 2 4 9 14 11

#gn6HCCCCCCOCH|GraphID|L
g6|28 15 11 5 2 4 9 14 11 26
g6|30 15 11 5 2 4 9 14 11 26
g6|29 15 11 5 2 4 9 14 11 26

#gn6HCCOCCCCH|GraphID|L
g6|28 15 11 14 9 4 2 5 21
g6|30 15 11 14 9 4 2 5 21
g6|29 15 11 14 9 4 2 5 21

#gn6HOCCCCCOCCC|GraphID|L
g6|31 17 12 7 8 4 9 14 11 5 2
g6|31 17 12 7 8 4 9 14 11 5 10

#gn6HOCCCCCOCCH|GraphID|L
g6|31 17 12 7 8 4 9 14 11 5 21
g6|31 17 12 7 8 4 9 14 11 15 30
g6|31 17 12 7 8 4 9 14 11 15 29
g6|31 17 12 7 8 4 9 14 11 15 28

#gn6HOCO|GraphID|L
g6|31 17 12 16