

#gn7S|GraphID|L
g7|0
g7|1

#gn7SS|GraphID|L
g7|0 1
g7|1 0

#gn7SSC|GraphID|L
g7|0 1 3
g7|1 0 2

#gn7SSCC|GraphID|L
g7|0 1 3 6
g7|1 0 2 5
g7|1 0 2 4
g7|0 1 3 7

#gn7SSCCN|GraphID|L
g7|0 1 3 6 11
g7|1 0 2 4 8

#gn7SSCCNO|GraphID|L
g7|0 1 3 6 11 17
g7|1 0 2 4 8 15
g7|1 0 2 4 8 14
g7|0 1 3 6 11 18

#gn7SSCCC|GraphID|L
g7|0 1 3 6 12
g7|1 0 2 5 10
g7|1 0 2 4 9
g7|0 1 3 7 13

#gn7SSCCCC|GraphID|L
g7|0 1 3 6 12 19
g7|1 0 2 5 10 16
g7|1 0 2 4 9 16
g7|0 1 3 7 13 19

#gn7SSCCCCC|GraphID|L
g7|0 1 3 6 12 19 13
g7|1 0 2 5 10 16 9
g7|1 0 2 4 9 16 10
g7|0 1 3 7 13 19 12

#gn7SSCCCCCC|GraphID|L
g7|0 1 3 6 12 19 13 7
g7|1 0 2 5 10 16 9 4
g7|1 0 2 4 9 16 10 5
g7|0 1 3 7 13 19 12 6

#gn7SSCCCCCCC|GraphID|L
g7|0 1 3 6 12 19 13 7 3
g7|1 0 2 5 10 16 9 4 2
g7|1 0 2 4 9 16 10 5 2
g7|0 1 3 7 13 19 12 6 3

#gn7SSCCCCCCH|GraphID|L
g7|0 1 3 6 12 19 13 7 27
g7|1 0 2 4 9 16 10 5 26

#gn7SSCCCCCH|GraphID|L
g7|0 1 3 6 12 19 13 31
g7|1 0 2 5 10 16 9 28
g7|1 0 2 4 9 16 10 29
g7|0 1 3 7 13 19 12 30

#gn7SSCCCCN|GraphID|L
g7|0 1 3 6 12 19 21
g7|1 0 2 5 10 16 20
g7|1 0 2 4 9 16 20
g7|0 1 3 7 13 19 21

#gn7SSCCCCNO|GraphID|L
g7|0 1 3 6 12 19 21 24
g7|1 0 2 5 10 16 20 23
g7|1 0 2 5 10 16 20 22
g7|1 0 2 4 9 16 20 23
g7|1 0 2 4 9 16 20 22
g7|0 1 3 7 13 19 21 25
g7|0 1 3 7 13 19 21 24
g7|0 1 3 6 12 19 21 25

#gn7SSCCCH|GraphID|L
g7|0 1 3 6 12 30
g7|1 0 2 5 10 29
g7|1 0 2 4 9 28
g7|0 1 3 7 13 31

#gn7SSCCCCCCN|GraphID|L
g7|0 1 3 7 13 19 12 6 11
g7|1 0 2 5 10 16 9 4 8

#gn7SSCCCCCCNO|GraphID|L
g7|0 1 3 7 13 19 12 6 11 17
g7|1 0 2 5 10 16 9 4 8 15
g7|1 0 2 5 10 16 9 4 8 14
g7|0 1 3 7 13 19 12 6 11 18

#gn7SSCCH|GraphID|L
g7|0 1 3 7 27
g7|1 0 2 5 26

#gn7CCCCCNO|GraphID|L
g7|4 2 5 10 16 20 22
g7|19 13 7 3 6 11 18
g7|19 13 7 3 6 11 17
g7|16 10 5 2 4 8 15
g7|16 10 5 2 4 8 14
g7|7 13 19 12 6 11 18
g7|7 13 19 12 6 11 17
g7|7 3 6 12 19 21 25
g7|7 3 6 12 19 21 24
g7|6 3 7 13 19 21 25
g7|6 3 7 13 19 21 24
g7|5 10 16 9 4 8 15
g7|5 10 16 9 4 8 14
g7|5 2 4 9 16 20 23
g7|5 2 4 9 16 20 22
g7|4 2 5 10 16 20 23

#gn7N|GraphID|L
g7|8
g7|21
g7|20
g7|11

#gn7SC|GraphID|L
g7|0 2
g7|1 3

#gn7SCC|GraphID|L
g7|0 2 4
g7|1 3 7
g7|1 3 6
g7|0 2 5

#gn7SCCN|GraphID|L
g7|0 2 4 8
g7|1 3 6 11

#gn7SCCNO|GraphID|L
g7|0 2 4 8 14
g7|1 3 6 11 18
g7|1 3 6 11 17
g7|0 2 4 8 15

#gn7SCCC|GraphID|L
g7|0 2 4 9
g7|1 3 7 13
g7|1 3 6 12
g7|0 2 5 10

#gn7SCCCC|GraphID|L
g7|0 2 4 9 16
g7|1 3 7 13 19
g7|1 3 6 12 19
g7|0 2 5 10 16

#gn7SCCCCC|GraphID|L
g7|0 2 4 9 16 10
g7|1 3 7 13 19 12
g7|1 3 6 12 19 13
g7|0 2 5 10 16 9

#gn7SCCCCCC|GraphID|L
g7|0 2 4 9 16 10 5
g7|1 3 7 13 19 12 6
g7|1 3 6 12 19 13 7
g7|0 2 5 10 16 9 4

#gn7NCCS|GraphID|L
g7|8 4 2 0
g7|11 6 3 1

#gn7SCCCCCCC|GraphID|L
g7|0 2 4 9 16 10 5 2
g7|1 3 7 13 19 12 6 3
g7|1 3 6 12 19 13 7 3
g7|0 2 5 10 16 9 4 2

#gn7SCCCCCCH|GraphID|L
g7|0 2 4 9 16 10 5 26
g7|1 3 6 12 19 13 7 27

#gn7SCCCCCH|GraphID|L
g7|0 2 4 9 16 10 29
g7|1 3 7 13 19 12 30
g7|1 3 6 12 19 13 31
g7|0 2 5 10 16 9 28

#gn7SCCCCN|GraphID|L
g7|0 2 4 9 16 20
g7|1 3 7 13 19 21
g7|1 3 6 12 19 21
g7|0 2 5 10 16 20

#gn7SCCCCNO|GraphID|L
g7|0 2 4 9 16 20 22
g7|1 3 7 13 19 21 25
g7|1 3 7 13 19 21 24
g7|1 3 6 12 19 21 25
g7|1 3 6 12 19 21 24
g7|0 2 5 10 16 20 23
g7|0 2 5 10 16 20 22
g7|0 2 4 9 16 20 23

#gn7SCCCH|GraphID|L
g7|0 2 4 9 28
g7|1 3 7 13 31
g7|1 3 6 12 30
g7|0 2 5 10 29

#gn7SCCCCCCN|GraphID|L
g7|0 2 5 10 16 9 4 8
g7|1 3 7 13 19 12 6 11

#gn7SCCCCCCNO|GraphID|L
g7|0 2 5 10 16 9 4 8 14
g7|1 3 7 13 19 12 6 11 18
g7|1 3 7 13 19 12 6 11 17
g7|0 2 5 10 16 9 4 8 15

#gn7SCCH|GraphID|L
g7|0 2 5 26
g7|1 3 7 27

#gn7C|GraphID|L
g7|2
g7|19
g7|16
g7|13
g7|12
g7|10
g7|9
g7|7
g7|6
g7|5
g7|4
g7|3

#gn7CS|GraphID|L
g7|2 0
g7|3 1

#gn7NCCC|GraphID|L
g7|8 4 2 5
g7|21 19 13 7
g7|21 19 12 6
g7|20 16 10 5
g7|20 16 9 4
g7|11 6 12 19
g7|11 6 3 7
g7|8 4 9 16

#gn7CSS|GraphID|L
g7|2 0 1
g7|3 1 0

#gn7CSSC|GraphID|L
g7|2 0 1 3
g7|3 1 0 2

#gn7HCCCCCN|GraphID|L
g7|26 5 2 4 9 16 20
g7|27 7 13 19 12 6 11
g7|27 7 3 6 12 19 21
g7|26 5 10 16 9 4 8

#gn7CSSCC|GraphID|L
g7|2 0 1 3 6
g7|3 1 0 2 5
g7|3 1 0 2 4
g7|2 0 1 3 7

#gn7CSSCCN|GraphID|L
g7|2 0 1 3 6 11
g7|3 1 0 2 4 8

#gn7CSSCCNO|GraphID|L
g7|2 0 1 3 6 11 17
g7|3 1 0 2 4 8 15
g7|3 1 0 2 4 8 14
g7|2 0 1 3 6 11 18

#gn7CCCS|GraphID|L
g7|9 4 2 0
g7|13 7 3 1
g7|12 6 3 1
g7|10 5 2 0

#gn7CSSCCC|GraphID|L
g7|2 0 1 3 6 12
g7|3 1 0 2 5 10
g7|3 1 0 2 4 9
g7|2 0 1 3 7 13

#gn7CSSCCCC|GraphID|L
g7|2 0 1 3 6 12 19
g7|3 1 0 2 5 10 16
g7|3 1 0 2 4 9 16
g7|2 0 1 3 7 13 19

#gn7CSSCCCCC|GraphID|L
g7|2 0 1 3 6 12 19 13
g7|3 1 0 2 5 10 16 9
g7|3 1 0 2 4 9 16 10
g7|2 0 1 3 7 13 19 12

#gn7CSSCCCCCC|GraphID|L
g7|2 0 1 3 6 12 19 13 7
g7|3 1 0 2 5 10 16 9 4
g7|3 1 0 2 4 9 16 10 5
g7|2 0 1 3 7 13 19 12 6

#gn7CSSCCCCCCC|GraphID|L
g7|2 0 1 3 6 12 19 13 7 3
g7|3 1 0 2 5 10 16 9 4 2
g7|3 1 0 2 4 9 16 10 5 2
g7|2 0 1 3 7 13 19 12 6 3

#gn7CSSCCCCCCH|GraphID|L
g7|2 0 1 3 6 12 19 13 7 27
g7|3 1 0 2 4 9 16 10 5 26

#gn7CSSCCCCCH|GraphID|L
g7|2 0 1 3 6 12 19 13 31
g7|3 1 0 2 5 10 16 9 28
g7|3 1 0 2 4 9 16 10 29
g7|2 0 1 3 7 13 19 12 30

#gn7CSSCCCCN|GraphID|L
g7|2 0 1 3 6 12 19 21
g7|3 1 0 2 5 10 16 20
g7|3 1 0 2 4 9 16 20
g7|2 0 1 3 7 13 19 21

#gn7CSSCCCCNO|GraphID|L
g7|2 0 1 3 6 12 19 21 24
g7|3 1 0 2 5 10 16 20 23
g7|3 1 0 2 5 10 16 20 22
g7|3 1 0 2 4 9 16 20 23
g7|3 1 0 2 4 9 16 20 22
g7|2 0 1 3 7 13 19 21 25
g7|2 0 1 3 7 13 19 21 24
g7|2 0 1 3 6 12 19 21 25

#gn7CSSCCCH|GraphID|L
g7|2 0 1 3 6 12 30
g7|3 1 0 2 5 10 29
g7|3 1 0 2 4 9 28
g7|2 0 1 3 7 13 31

#gn7CSSCCCCCCN|GraphID|L
g7|2 0 1 3 7 13 19 12 6 11
g7|3 1 0 2 5 10 16 9 4 8

#gn7CSSCCCCCCNO|GraphID|L
g7|2 0 1 3 7 13 19 12 6 11 17
g7|3 1 0 2 5 10 16 9 4 8 15
g7|3 1 0 2 5 10 16 9 4 8 14
g7|2 0 1 3 7 13 19 12 6 11 18

#gn7CSSCCH|GraphID|L
g7|2 0 1 3 7 27
g7|3 1 0 2 5 26

#gn7CC|GraphID|L
g7|2 4
g7|19 13
g7|19 12
g7|16 10
g7|16 9
g7|13 19
g7|13 7
g7|12 19
g7|12 6
g7|10 16
g7|10 5
g7|9 16
g7|9 4
g7|7 13
g7|7 3
g7|6 12
g7|6 3
g7|5 10
g7|5 2
g7|4 9
g7|4 2
g7|3 7
g7|3 6
g7|2 5

#gn7CCN|GraphID|L
g7|2 4 8
g7|13 19 21
g7|12 19 21
g7|12 6 11
g7|10 16 20
g7|9 16 20
g7|9 4 8
g7|3 6 11

#gn7CCNO|GraphID|L
g7|2 4 8 14
g7|13 19 21 25
g7|13 19 21 24
g7|12 19 21 25
g7|12 19 21 24
g7|12 6 11 18
g7|12 6 11 17
g7|10 16 20 23
g7|10 16 20 22
g7|9 16 20 23
g7|9 16 20 22
g7|9 4 8 15
g7|9 4 8 14
g7|3 6 11 18
g7|3 6 11 17
g7|2 4 8 15

#gn7CCC|GraphID|L
g7|2 4 9
g7|19 13 7
g7|19 12 6
g7|16 10 5
g7|16 9 4
g7|13 19 12
g7|13 7 3
g7|12 19 13
g7|12 6 3
g7|10 16 9
g7|10 5 2
g7|9 16 10
g7|9 4 2
g7|7 13 19
g7|7 3 6
g7|6 12 19
g7|6 3 7
g7|5 10 16
g7|5 2 4
g7|4 9 16
g7|4 2 5
g7|3 7 13
g7|3 6 12
g7|2 5 10

#gn7CCCC|GraphID|L
g7|2 4 9 16
g7|19 13 7 3
g7|19 12 6 3
g7|16 10 5 2
g7|16 9 4 2
g7|13 19 12 6
g7|13 7 3 6
g7|12 19 13 7
g7|12 6 3 7
g7|10 16 9 4
g7|10 5 2 4
g7|9 16 10 5
g7|9 4 2 5
g7|7 13 19 12
g7|7 3 6 12
g7|6 12 19 13
g7|6 3 7 13
g7|5 10 16 9
g7|5 2 4 9
g7|4 9 16 10
g7|4 2 5 10
g7|3 7 13 19
g7|3 6 12 19
g7|2 5 10 16

#gn7CCCCCCCN|GraphID|L
g7|4 2 5 10 16 9 4 8
g7|19 13 7 3 6 12 19 21
g7|19 12 6 3 7 13 19 21
g7|16 10 5 2 4 9 16 20
g7|16 9 4 2 5 10 16 20
g7|6 12 19 13 7 3 6 11
g7|6 3 7 13 19 12 6 11
g7|4 9 16 10 5 2 4 8

#gn7CCCCC|GraphID|L
g7|2 4 9 16 10
g7|19 13 7 3 6
g7|19 12 6 3 7
g7|16 10 5 2 4
g7|16 9 4 2 5
g7|13 19 12 6 3
g7|13 7 3 6 12
g7|12 19 13 7 3
g7|12 6 3 7 13
g7|10 16 9 4 2
g7|10 5 2 4 9
g7|9 16 10 5 2
g7|9 4 2 5 10
g7|7 13 19 12 6
g7|7 3 6 12 19
g7|6 12 19 13 7
g7|6 3 7 13 19
g7|5 10 16 9 4
g7|5 2 4 9 16
g7|4 9 16 10 5
g7|4 2 5 10 16
g7|3 7 13 19 12
g7|3 6 12 19 13
g7|2 5 10 16 9

#gn7CCCCCC|GraphID|L
g7|2 4 9 16 10 5
g7|19 13 7 3 6 12
g7|19 12 6 3 7 13
g7|16 10 5 2 4 9
g7|16 9 4 2 5 10
g7|13 19 12 6 3 7
g7|13 7 3 6 12 19
g7|12 19 13 7 3 6
g7|12 6 3 7 13 19
g7|10 16 9 4 2 5
g7|10 5 2 4 9 16
g7|9 16 10 5 2 4
g7|9 4 2 5 10 16
g7|7 13 19 12 6 3
g7|7 3 6 12 19 13
g7|6 12 19 13 7 3
g7|6 3 7 13 19 12
g7|5 10 16 9 4 2
g7|5 2 4 9 16 10
g7|4 9 16 10 5 2
g7|4 2 5 10 16 9
g7|3 7 13 19 12 6
g7|3 6 12 19 13 7
g7|2 5 10 16 9 4

#gn7CCCCCCC|GraphID|L
g7|2 4 9 16 10 5 2
g7|19 13 7 3 6 12 19
g7|19 12 6 3 7 13 19
g7|16 10 5 2 4 9 16
g7|16 9 4 2 5 10 16
g7|13 19 12 6 3 7 13
g7|13 7 3 6 12 19 13
g7|12 19 13 7 3 6 12
g7|12 6 3 7 13 19 12
g7|10 16 9 4 2 5 10
g7|10 5 2 4 9 16 10
g7|9 16 10 5 2 4 9
g7|9 4 2 5 10 16 9
g7|7 13 19 12 6 3 7
g7|7 3 6 12 19 13 7
g7|6 12 19 13 7 3 6
g7|6 3 7 13 19 12 6
g7|5 10 16 9 4 2 5
g7|5 2 4 9 16 10 5
g7|4 9 16 10 5 2 4
g7|4 2 5 10 16 9 4
g7|3 7 13 19 12 6 3
g7|3 6 12 19 13 7 3
g7|2 5 10 16 9 4 2

#gn7CCCCCCCS|GraphID|L
g7|2 4 9 16 10 5 2 0
g7|3 7 13 19 12 6 3 1
g7|3 6 12 19 13 7 3 1
g7|2 5 10 16 9 4 2 0

#gn7CCCH|GraphID|L
g7|2 4 9 28
g7|19 13 7 27
g7|16 10 5 26
g7|13 19 12 30
g7|12 19 13 31
g7|10 16 9 28
g7|9 16 10 29
g7|6 3 7 27
g7|4 2 5 26
g7|3 7 13 31
g7|3 6 12 30
g7|2 5 10 29

#gn7CCCCCCCSS|GraphID|L
g7|2 4 9 16 10 5 2 0 1
g7|3 7 13 19 12 6 3 1 0
g7|3 6 12 19 13 7 3 1 0
g7|2 5 10 16 9 4 2 0 1

#gn7ONCCCN|GraphID|L
g7|14 8 4 9 16 20
g7|25 21 19 12 6 11
g7|24 21 19 12 6 11
g7|23 20 16 9 4 8
g7|22 20 16 9 4 8
g7|18 11 6 12 19 21
g7|17 11 6 12 19 21
g7|15 8 4 9 16 20

#gn7CCCCCCCSSC|GraphID|L
g7|2 4 9 16 10 5 2 0 1 3
g7|3 7 13 19 12 6 3 1 0 2
g7|3 6 12 19 13 7 3 1 0 2
g7|2 5 10 16 9 4 2 0 1 3

#gn7CCCCCCCSSCC|GraphID|L
g7|2 4 9 16 10 5 2 0 1 3 6
g7|3 7 13 19 12 6 3 1 0 2 5
g7|3 7 13 19 12 6 3 1 0 2 4
g7|3 6 12 19 13 7 3 1 0 2 5
g7|3 6 12 19 13 7 3 1 0 2 4
g7|2 5 10 16 9 4 2 0 1 3 7
g7|2 5 10 16 9 4 2 0 1 3 6
g7|2 4 9 16 10 5 2 0 1 3 7

#gn7CCCCCCH|GraphID|L
g7|2 4 9 16 10 5 26
g7|19 13 7 3 6 12 30
g7|19 12 6 3 7 13 31
g7|16 10 5 2 4 9 28
g7|16 9 4 2 5 10 29
g7|13 19 12 6 3 7 27
g7|10 16 9 4 2 5 26
g7|7 3 6 12 19 13 31
g7|6 3 7 13 19 12 30
g7|5 2 4 9 16 10 29
g7|4 2 5 10 16 9 28
g7|3 6 12 19 13 7 27

#gn7CCCCCH|GraphID|L
g7|2 4 9 16 10 29
g7|19 12 6 3 7 27
g7|16 9 4 2 5 26
g7|13 7 3 6 12 30
g7|12 6 3 7 13 31
g7|10 5 2 4 9 28
g7|9 4 2 5 10 29
g7|6 12 19 13 7 27
g7|4 9 16 10 5 26
g7|3 7 13 19 12 30
g7|3 6 12 19 13 31
g7|2 5 10 16 9 28

#gn7CCCCN|GraphID|L
g7|2 4 9 16 20
g7|13 19 12 6 11
g7|13 7 3 6 11
g7|10 16 9 4 8
g7|10 5 2 4 8
g7|3 7 13 19 21
g7|3 6 12 19 21
g7|2 5 10 16 20

#gn7CCCCNO|GraphID|L
g7|2 4 9 16 20 22
g7|13 19 12 6 11 18
g7|13 19 12 6 11 17
g7|13 7 3 6 11 18
g7|13 7 3 6 11 17
g7|10 16 9 4 8 15
g7|10 16 9 4 8 14
g7|10 5 2 4 8 15
g7|10 5 2 4 8 14
g7|3 7 13 19 21 25
g7|3 7 13 19 21 24
g7|3 6 12 19 21 25
g7|3 6 12 19 21 24
g7|2 5 10 16 20 23
g7|2 5 10 16 20 22
g7|2 4 9 16 20 23

#gn7CCCCCCN|GraphID|L
g7|2 5 10 16 9 4 8
g7|13 7 3 6 12 19 21
g7|12 19 13 7 3 6 11
g7|12 6 3 7 13 19 21
g7|10 5 2 4 9 16 20
g7|9 16 10 5 2 4 8
g7|9 4 2 5 10 16 20
g7|3 7 13 19 12 6 11

#gn7HCCCCCSSC|GraphID|L
g7|28 9 16 10 5 2 0 1 3
g7|31 13 19 12 6 3 1 0 2
g7|30 12 19 13 7 3 1 0 2
g7|29 10 16 9 4 2 0 1 3

#gn7CCCCCCNO|GraphID|L
g7|2 5 10 16 9 4 8 14
g7|13 7 3 6 12 19 21 25
g7|13 7 3 6 12 19 21 24
g7|12 19 13 7 3 6 11 18
g7|12 19 13 7 3 6 11 17
g7|12 6 3 7 13 19 21 25
g7|12 6 3 7 13 19 21 24
g7|10 5 2 4 9 16 20 23
g7|10 5 2 4 9 16 20 22
g7|9 16 10 5 2 4 8 15
g7|9 16 10 5 2 4 8 14
g7|9 4 2 5 10 16 20 23
g7|9 4 2 5 10 16 20 22
g7|3 7 13 19 12 6 11 18
g7|3 7 13 19 12 6 11 17
g7|2 5 10 16 9 4 8 15

#gn7CCH|GraphID|L
g7|2 5 26
g7|19 13 31
g7|19 12 30
g7|16 10 29
g7|16 9 28
g7|13 7 27
g7|10 5 26
g7|7 13 31
g7|6 12 30
g7|5 10 29
g7|4 9 28
g7|3 7 27

#gn7CCS|GraphID|L
g7|4 2 0
g7|7 3 1
g7|6 3 1
g7|5 2 0

#gn7CCSS|GraphID|L
g7|4 2 0 1
g7|7 3 1 0
g7|6 3 1 0
g7|5 2 0 1

#gn7CCSSC|GraphID|L
g7|4 2 0 1 3
g7|7 3 1 0 2
g7|6 3 1 0 2
g7|5 2 0 1 3

#gn7CCSSCC|GraphID|L
g7|4 2 0 1 3 6
g7|7 3 1 0 2 5
g7|7 3 1 0 2 4
g7|6 3 1 0 2 5
g7|6 3 1 0 2 4
g7|5 2 0 1 3 7
g7|5 2 0 1 3 6
g7|4 2 0 1 3 7

#gn7CCSSCCN|GraphID|L
g7|4 2 0 1 3 6 11
g7|7 3 1 0 2 4 8
g7|6 3 1 0 2 4 8
g7|5 2 0 1 3 6 11

#gn7CCSSCCNO|GraphID|L
g7|4 2 0 1 3 6 11 17
g7|7 3 1 0 2 4 8 15
g7|7 3 1 0 2 4 8 14
g7|6 3 1 0 2 4 8 15
g7|6 3 1 0 2 4 8 14
g7|5 2 0 1 3 6 11 18
g7|5 2 0 1 3 6 11 17
g7|4 2 0 1 3 6 11 18

#gn7CCSSCCC|GraphID|L
g7|4 2 0 1 3 6 12
g7|7 3 1 0 2 5 10
g7|7 3 1 0 2 4 9
g7|6 3 1 0 2 5 10
g7|6 3 1 0 2 4 9
g7|5 2 0 1 3 7 13
g7|5 2 0 1 3 6 12
g7|4 2 0 1 3 7 13

#gn7CCSSCCCC|GraphID|L
g7|4 2 0 1 3 6 12 19
g7|7 3 1 0 2 5 10 16
g7|7 3 1 0 2 4 9 16
g7|6 3 1 0 2 5 10 16
g7|6 3 1 0 2 4 9 16
g7|5 2 0 1 3 7 13 19
g7|5 2 0 1 3 6 12 19
g7|4 2 0 1 3 7 13 19

#gn7CCSSCCCCC|GraphID|L
g7|4 2 0 1 3 6 12 19 13
g7|7 3 1 0 2 5 10 16 9
g7|7 3 1 0 2 4 9 16 10
g7|6 3 1 0 2 5 10 16 9
g7|6 3 1 0 2 4 9 16 10
g7|5 2 0 1 3 7 13 19 12
g7|5 2 0 1 3 6 12 19 13
g7|4 2 0 1 3 7 13 19 12

#gn7CCSSCCCCCC|GraphID|L
g7|4 2 0 1 3 6 12 19 13 7
g7|7 3 1 0 2 5 10 16 9 4
g7|7 3 1 0 2 4 9 16 10 5
g7|6 3 1 0 2 5 10 16 9 4
g7|6 3 1 0 2 4 9 16 10 5
g7|5 2 0 1 3 7 13 19 12 6
g7|5 2 0 1 3 6 12 19 13 7
g7|4 2 0 1 3 7 13 19 12 6

#gn7CCSSCCCCCCC|GraphID|L
g7|4 2 0 1 3 6 12 19 13 7 3
g7|7 3 1 0 2 5 10 16 9 4 2
g7|7 3 1 0 2 4 9 16 10 5 2
g7|6 3 1 0 2 5 10 16 9 4 2
g7|6 3 1 0 2 4 9 16 10 5 2
g7|5 2 0 1 3 7 13 19 12 6 3
g7|5 2 0 1 3 6 12 19 13 7 3
g7|4 2 0 1 3 7 13 19 12 6 3

#gn7CCSSCCCCCCH|GraphID|L
g7|4 2 0 1 3 6 12 19 13 7 27
g7|7 3 1 0 2 4 9 16 10 5 26
g7|6 3 1 0 2 4 9 16 10 5 26
g7|5 2 0 1 3 6 12 19 13 7 27

#gn7CCSSCCCCCH|GraphID|L
g7|4 2 0 1 3 6 12 19 13 31
g7|7 3 1 0 2 5 10 16 9 28
g7|7 3 1 0 2 4 9 16 10 29
g7|6 3 1 0 2 5 10 16 9 28
g7|6 3 1 0 2 4 9 16 10 29
g7|5 2 0 1 3 7 13 19 12 30
g7|5 2 0 1 3 6 12 19 13 31
g7|4 2 0 1 3 7 13 19 12 30

#gn7CCSSCCCCN|GraphID|L
g7|4 2 0 1 3 6 12 19 21
g7|7 3 1 0 2 5 10 16 20
g7|7 3 1 0 2 4 9 16 20
g7|6 3 1 0 2 5 10 16 20
g7|6 3 1 0 2 4 9 16 20
g7|5 2 0 1 3 7 13 19 21
g7|5 2 0 1 3 6 12 19 21
g7|4 2 0 1 3 7 13 19 21

#gn7CCSSCCCCNO|GraphID|L
g7|4 2 0 1 3 6 12 19 21 24
g7|7 3 1 0 2 5 10 16 20 23
g7|7 3 1 0 2 5 10 16 20 22
g7|7 3 1 0 2 4 9 16 20 23
g7|7 3 1 0 2 4 9 16 20 22
g7|6 3 1 0 2 5 10 16 20 23
g7|6 3 1 0 2 5 10 16 20 22
g7|6 3 1 0 2 4 9 16 20 23
g7|6 3 1 0 2 4 9 16 20 22
g7|5 2 0 1 3 7 13 19 21 25
g7|5 2 0 1 3 7 13 19 21 24
g7|5 2 0 1 3 6 12 19 21 25
g7|5 2 0 1 3 6 12 19 21 24
g7|4 2 0 1 3 7 13 19 21 25
g7|4 2 0 1 3 7 13 19 21 24
g7|4 2 0 1 3 6 12 19 21 25

#gn7CCSSCCCH|GraphID|L
g7|4 2 0 1 3 6 12 30
g7|7 3 1 0 2 5 10 29
g7|7 3 1 0 2 4 9 28
g7|6 3 1 0 2 5 10 29
g7|6 3 1 0 2 4 9 28
g7|5 2 0 1 3 7 13 31
g7|5 2 0 1 3 6 12 30
g7|4 2 0 1 3 7 13 31

#gn7CCSSCCCCCCN|GraphID|L
g7|4 2 0 1 3 7 13 19 12 6 11
g7|7 3 1 0 2 5 10 16 9 4 8
g7|6 3 1 0 2 5 10 16 9 4 8
g7|5 2 0 1 3 7 13 19 12 6 11

#gn7CCSSCCH|GraphID|L
g7|4 2 0 1 3 7 27
g7|7 3 1 0 2 5 26
g7|6 3 1 0 2 5 26
g7|5 2 0 1 3 7 27

#gn7CCCCCCCNO|GraphID|L
g7|4 2 5 10 16 9 4 8 14
g7|19 13 7 3 6 12 19 21 25
g7|19 13 7 3 6 12 19 21 24
g7|19 12 6 3 7 13 19 21 25
g7|19 12 6 3 7 13 19 21 24
g7|16 10 5 2 4 9 16 20 23
g7|16 10 5 2 4 9 16 20 22
g7|16 9 4 2 5 10 16 20 23
g7|16 9 4 2 5 10 16 20 22
g7|6 12 19 13 7 3 6 11 18
g7|6 12 19 13 7 3 6 11 17
g7|6 3 7 13 19 12 6 11 18
g7|6 3 7 13 19 12 6 11 17
g7|4 9 16 10 5 2 4 8 15
g7|4 9 16 10 5 2 4 8 14
g7|4 2 5 10 16 9 4 8 15

#gn7CCCCCN|GraphID|L
g7|4 2 5 10 16 20
g7|19 13 7 3 6 11
g7|16 10 5 2 4 8
g7|7 13 19 12 6 11
g7|7 3 6 12 19 21
g7|6 3 7 13 19 21
g7|5 10 16 9 4 8
g7|5 2 4 9 16 20

#gn7CCCCH|GraphID|L
g7|4 2 5 10 29
g7|12 19 13 7 27
g7|12 6 3 7 27
g7|9 16 10 5 26
g7|9 4 2 5 26
g7|7 13 19 12 30
g7|7 3 6 12 30
g7|6 12 19 13 31
g7|6 3 7 13 31
g7|5 10 16 9 28
g7|5 2 4 9 28
g7|4 9 16 10 29

#gn7CN|GraphID|L
g7|4 8
g7|19 21
g7|16 20
g7|6 11

#gn7CNO|GraphID|L
g7|4 8 14
g7|19 21 25
g7|19 21 24
g7|16 20 23
g7|16 20 22
g7|6 11 18
g7|6 11 17
g7|4 8 15

#gn7CCCCCCS|GraphID|L
g7|4 9 16 10 5 2 0
g7|7 13 19 12 6 3 1
g7|6 12 19 13 7 3 1
g7|5 10 16 9 4 2 0

#gn7CCCCCCSS|GraphID|L
g7|4 9 16 10 5 2 0 1
g7|7 13 19 12 6 3 1 0
g7|6 12 19 13 7 3 1 0
g7|5 10 16 9 4 2 0 1

#gn7CCCCCCSSC|GraphID|L
g7|4 9 16 10 5 2 0 1 3
g7|7 13 19 12 6 3 1 0 2
g7|6 12 19 13 7 3 1 0 2
g7|5 10 16 9 4 2 0 1 3

#gn7CCCCCCSSCC|GraphID|L
g7|4 9 16 10 5 2 0 1 3 6
g7|7 13 19 12 6 3 1 0 2 5
g7|7 13 19 12 6 3 1 0 2 4
g7|6 12 19 13 7 3 1 0 2 5
g7|6 12 19 13 7 3 1 0 2 4
g7|5 10 16 9 4 2 0 1 3 7
g7|5 10 16 9 4 2 0 1 3 6
g7|4 9 16 10 5 2 0 1 3 7

#gn7CCCCCCSSCCN|GraphID|L
g7|4 9 16 10 5 2 0 1 3 6 11
g7|7 13 19 12 6 3 1 0 2 4 8
g7|6 12 19 13 7 3 1 0 2 4 8
g7|5 10 16 9 4 2 0 1 3 6 11

#gn7CCCCCCSSCCC|GraphID|L
g7|4 9 16 10 5 2 0 1 3 6 12
g7|7 13 19 12 6 3 1 0 2 5 10
g7|7 13 19 12 6 3 1 0 2 4 9
g7|6 12 19 13 7 3 1 0 2 5 10
g7|6 12 19 13 7 3 1 0 2 4 9
g7|5 10 16 9 4 2 0 1 3 7 13
g7|5 10 16 9 4 2 0 1 3 6 12
g7|4 9 16 10 5 2 0 1 3 7 13

#gn7CCCCCCSSCCH|GraphID|L
g7|4 9 16 10 5 2 0 1 3 7 27
g7|7 13 19 12 6 3 1 0 2 5 26
g7|6 12 19 13 7 3 1 0 2 5 26
g7|5 10 16 9 4 2 0 1 3 7 27

#gn7CCCN|GraphID|L
g7|4 9 16 20
g7|19 12 6 11
g7|16 9 4 8
g7|7 13 19 21
g7|7 3 6 11
g7|6 12 19 21
g7|5 10 16 20
g7|5 2 4 8

#gn7CCCNO|GraphID|L
g7|4 9 16 20 22
g7|19 12 6 11 18
g7|19 12 6 11 17
g7|16 9 4 8 15
g7|16 9 4 8 14
g7|7 13 19 21 25
g7|7 13 19 21 24
g7|7 3 6 11 18
g7|7 3 6 11 17
g7|6 12 19 21 25
g7|6 12 19 21 24
g7|5 10 16 20 23
g7|5 10 16 20 22
g7|5 2 4 8 15
g7|5 2 4 8 14
g7|4 9 16 20 23

#gn7CCCCCCCH|GraphID|L
g7|5 2 4 9 16 10 5 26
g7|13 19 12 6 3 7 13 31
g7|13 7 3 6 12 19 13 31
g7|12 19 13 7 3 6 12 30
g7|12 6 3 7 13 19 12 30
g7|10 16 9 4 2 5 10 29
g7|10 5 2 4 9 16 10 29
g7|9 16 10 5 2 4 9 28
g7|9 4 2 5 10 16 9 28
g7|7 13 19 12 6 3 7 27
g7|7 3 6 12 19 13 7 27
g7|5 10 16 9 4 2 5 26

#gn7CH|GraphID|L
g7|5 26
g7|13 31
g7|12 30
g7|10 29
g7|9 28
g7|7 27

#gn7NC|GraphID|L
g7|8 4
g7|21 19
g7|20 16
g7|11 6

#gn7NCC|GraphID|L
g7|8 4 2
g7|21 19 13
g7|21 19 12
g7|20 16 10
g7|20 16 9
g7|11 6 12
g7|11 6 3
g7|8 4 9

#gn7NCCSS|GraphID|L
g7|8 4 2 0 1
g7|11 6 3 1 0

#gn7NCCSSC|GraphID|L
g7|8 4 2 0 1 3
g7|11 6 3 1 0 2

#gn7NCCSSCC|GraphID|L
g7|8 4 2 0 1 3 6
g7|11 6 3 1 0 2 5
g7|11 6 3 1 0 2 4
g7|8 4 2 0 1 3 7

#gn7NCCSSCCN|GraphID|L
g7|8 4 2 0 1 3 6 11
g7|11 6 3 1 0 2 4 8

#gn7NCCSSCCNO|GraphID|L
g7|8 4 2 0 1 3 6 11 17
g7|11 6 3 1 0 2 4 8 15
g7|11 6 3 1 0 2 4 8 14
g7|8 4 2 0 1 3 6 11 18

#gn7CCCCSSCCCCC|GraphID|L
g7|16 9 4 2 0 1 3 6 12 19 13
g7|19 13 7 3 1 0 2 5 10 16 9
g7|19 13 7 3 1 0 2 4 9 16 10
g7|19 12 6 3 1 0 2 5 10 16 9
g7|19 12 6 3 1 0 2 4 9 16 10
g7|16 10 5 2 0 1 3 7 13 19 12
g7|16 10 5 2 0 1 3 6 12 19 13
g7|16 9 4 2 0 1 3 7 13 19 12

#gn7NCCSSCCC|GraphID|L
g7|8 4 2 0 1 3 6 12
g7|11 6 3 1 0 2 5 10
g7|11 6 3 1 0 2 4 9
g7|8 4 2 0 1 3 7 13

#gn7NCCSSCCCC|GraphID|L
g7|8 4 2 0 1 3 6 12 19
g7|11 6 3 1 0 2 5 10 16
g7|11 6 3 1 0 2 4 9 16
g7|8 4 2 0 1 3 7 13 19

#gn7NCCSSCCCCC|GraphID|L
g7|8 4 2 0 1 3 6 12 19 13
g7|11 6 3 1 0 2 5 10 16 9
g7|11 6 3 1 0 2 4 9 16 10
g7|8 4 2 0 1 3 7 13 19 12

#gn7NCCSSCCCCCC|GraphID|L
g7|8 4 2 0 1 3 6 12 19 13 7
g7|11 6 3 1 0 2 5 10 16 9 4
g7|11 6 3 1 0 2 4 9 16 10 5
g7|8 4 2 0 1 3 7 13 19 12 6

#gn7NCCSSCCCCCH|GraphID|L
g7|8 4 2 0 1 3 6 12 19 13 31
g7|11 6 3 1 0 2 5 10 16 9 28
g7|11 6 3 1 0 2 4 9 16 10 29
g7|8 4 2 0 1 3 7 13 19 12 30

#gn7NCCSSCCCCN|GraphID|L
g7|8 4 2 0 1 3 6 12 19 21
g7|11 6 3 1 0 2 5 10 16 20
g7|11 6 3 1 0 2 4 9 16 20
g7|8 4 2 0 1 3 7 13 19 21

#gn7O|GraphID|L
g7|14
g7|25
g7|24
g7|23
g7|22
g7|18
g7|17
g7|15

#gn7NCCSSCCCCNO|GraphID|L
g7|8 4 2 0 1 3 6 12 19 21 24
g7|11 6 3 1 0 2 5 10 16 20 23
g7|11 6 3 1 0 2 5 10 16 20 22
g7|11 6 3 1 0 2 4 9 16 20 23
g7|11 6 3 1 0 2 4 9 16 20 22
g7|8 4 2 0 1 3 7 13 19 21 25
g7|8 4 2 0 1 3 7 13 19 21 24
g7|8 4 2 0 1 3 6 12 19 21 25

#gn7NCCSSCCCH|GraphID|L
g7|8 4 2 0 1 3 6 12 30
g7|11 6 3 1 0 2 5 10 29
g7|11 6 3 1 0 2 4 9 28
g7|8 4 2 0 1 3 7 13 31

#gn7NCCSSCCH|GraphID|L
g7|8 4 2 0 1 3 7 27
g7|11 6 3 1 0 2 5 26

#gn7NCCCC|GraphID|L
g7|8 4 2 5 10
g7|21 19 13 7 3
g7|21 19 12 6 3
g7|20 16 10 5 2
g7|20 16 9 4 2
g7|11 6 12 19 13
g7|11 6 3 7 13
g7|8 4 9 16 10

#gn7NCCCCC|GraphID|L
g7|8 4 2 5 10 16
g7|21 19 13 7 3 6
g7|21 19 12 6 3 7
g7|20 16 10 5 2 4
g7|20 16 9 4 2 5
g7|11 6 12 19 13 7
g7|11 6 3 7 13 19
g7|8 4 9 16 10 5

#gn7NCCCCCC|GraphID|L
g7|8 4 2 5 10 16 9
g7|21 19 13 7 3 6 12
g7|21 19 12 6 3 7 13
g7|20 16 10 5 2 4 9
g7|20 16 9 4 2 5 10
g7|11 6 12 19 13 7 3
g7|11 6 3 7 13 19 12
g7|8 4 9 16 10 5 2

#gn7NCCCCCCC|GraphID|L
g7|8 4 2 5 10 16 9 4
g7|21 19 13 7 3 6 12 19
g7|21 19 12 6 3 7 13 19
g7|20 16 10 5 2 4 9 16
g7|20 16 9 4 2 5 10 16
g7|11 6 12 19 13 7 3 6
g7|11 6 3 7 13 19 12 6
g7|8 4 9 16 10 5 2 4

#gn7HCCCCCH|GraphID|L
g7|28 9 4 2 5 10 29
g7|31 13 7 3 6 12 30
g7|30 12 6 3 7 13 31
g7|29 10 5 2 4 9 28

#gn7NCCCCCCH|GraphID|L
g7|8 4 2 5 10 16 9 28
g7|21 19 13 7 3 6 12 30
g7|21 19 12 6 3 7 13 31
g7|20 16 10 5 2 4 9 28
g7|20 16 9 4 2 5 10 29
g7|11 6 3 7 13 19 12 30

#gn7NCCCCCN|GraphID|L
g7|8 4 2 5 10 16 20
g7|21 19 13 7 3 6 11
g7|20 16 10 5 2 4 8
g7|11 6 3 7 13 19 21

#gn7NCCCCCNO|GraphID|L
g7|8 4 2 5 10 16 20 22
g7|21 19 13 7 3 6 11 18
g7|21 19 13 7 3 6 11 17
g7|20 16 10 5 2 4 8 15
g7|20 16 10 5 2 4 8 14
g7|11 6 3 7 13 19 21 25
g7|11 6 3 7 13 19 21 24
g7|8 4 2 5 10 16 20 23

#gn7NCCCCH|GraphID|L
g7|8 4 2 5 10 29
g7|11 6 12 19 13 31
g7|11 6 3 7 13 31
g7|8 4 9 16 10 29

#gn7NCCCH|GraphID|L
g7|8 4 2 5 26
g7|21 19 13 7 27
g7|20 16 10 5 26
g7|11 6 3 7 27

#gn7NCCCCCCS|GraphID|L
g7|8 4 9 16 10 5 2 0
g7|11 6 12 19 13 7 3 1

#gn7NCCCCSSCC|GraphID|L
g7|20 16 9 4 2 0 1 3 6
g7|21 19 13 7 3 1 0 2 5
g7|21 19 13 7 3 1 0 2 4
g7|21 19 12 6 3 1 0 2 5
g7|21 19 12 6 3 1 0 2 4
g7|20 16 10 5 2 0 1 3 7
g7|20 16 10 5 2 0 1 3 6
g7|20 16 9 4 2 0 1 3 7

#gn7NCCCCCCSS|GraphID|L
g7|8 4 9 16 10 5 2 0 1
g7|11 6 12 19 13 7 3 1 0

#gn7NCCCCCCSSC|GraphID|L
g7|8 4 9 16 10 5 2 0 1 3
g7|11 6 12 19 13 7 3 1 0 2

#gn7NCCCCCCSSCC|GraphID|L
g7|8 4 9 16 10 5 2 0 1 3 6
g7|11 6 12 19 13 7 3 1 0 2 5
g7|11 6 12 19 13 7 3 1 0 2 4
g7|8 4 9 16 10 5 2 0 1 3 7

#gn7NCCCCCH|GraphID|L
g7|8 4 9 16 10 5 26
g7|21 19 12 6 3 7 27
g7|20 16 9 4 2 5 26
g7|11 6 12 19 13 7 27

#gn7NCCCN|GraphID|L
g7|8 4 9 16 20
g7|21 19 12 6 11
g7|20 16 9 4 8
g7|11 6 12 19 21

#gn7HCCSSCCCCNO|GraphID|L
g7|26 5 2 0 1 3 6 12 19 21 24
g7|27 7 3 1 0 2 5 10 16 20 23
g7|27 7 3 1 0 2 5 10 16 20 22
g7|27 7 3 1 0 2 4 9 16 20 23
g7|27 7 3 1 0 2 4 9 16 20 22
g7|26 5 2 0 1 3 7 13 19 21 25
g7|26 5 2 0 1 3 7 13 19 21 24
g7|26 5 2 0 1 3 6 12 19 21 25

#gn7NCCCNO|GraphID|L
g7|8 4 9 16 20 22
g7|21 19 12 6 11 18
g7|21 19 12 6 11 17
g7|20 16 9 4 8 15
g7|20 16 9 4 8 14
g7|11 6 12 19 21 25
g7|11 6 12 19 21 24
g7|8 4 9 16 20 23

#gn7NCCH|GraphID|L
g7|8 4 9 28
g7|21 19 13 31
g7|21 19 12 30
g7|20 16 10 29
g7|20 16 9 28
g7|11 6 12 30

#gn7NO|GraphID|L
g7|8 14
g7|21 25
g7|21 24
g7|20 23
g7|20 22
g7|11 18
g7|11 17
g7|8 15

#gn7CCCSS|GraphID|L
g7|9 4 2 0 1
g7|13 7 3 1 0
g7|12 6 3 1 0
g7|10 5 2 0 1

#gn7CCCSSC|GraphID|L
g7|9 4 2 0 1 3
g7|13 7 3 1 0 2
g7|12 6 3 1 0 2
g7|10 5 2 0 1 3

#gn7CCCSSCC|GraphID|L
g7|9 4 2 0 1 3 6
g7|13 7 3 1 0 2 5
g7|13 7 3 1 0 2 4
g7|12 6 3 1 0 2 5
g7|12 6 3 1 0 2 4
g7|10 5 2 0 1 3 7
g7|10 5 2 0 1 3 6
g7|9 4 2 0 1 3 7

#gn7CCCSSCCN|GraphID|L
g7|9 4 2 0 1 3 6 11
g7|13 7 3 1 0 2 4 8
g7|12 6 3 1 0 2 4 8
g7|10 5 2 0 1 3 6 11

#gn7CCCSSCCNO|GraphID|L
g7|9 4 2 0 1 3 6 11 17
g7|13 7 3 1 0 2 4 8 15
g7|13 7 3 1 0 2 4 8 14
g7|12 6 3 1 0 2 4 8 15
g7|12 6 3 1 0 2 4 8 14
g7|10 5 2 0 1 3 6 11 18
g7|10 5 2 0 1 3 6 11 17
g7|9 4 2 0 1 3 6 11 18

#gn7HCCSSCCN|GraphID|L
g7|26 5 2 0 1 3 6 11
g7|27 7 3 1 0 2 4 8

#gn7CCCSSCCC|GraphID|L
g7|9 4 2 0 1 3 6 12
g7|13 7 3 1 0 2 5 10
g7|13 7 3 1 0 2 4 9
g7|12 6 3 1 0 2 5 10
g7|12 6 3 1 0 2 4 9
g7|10 5 2 0 1 3 7 13
g7|10 5 2 0 1 3 6 12
g7|9 4 2 0 1 3 7 13

#gn7CCCSSCCCC|GraphID|L
g7|9 4 2 0 1 3 6 12 19
g7|13 7 3 1 0 2 5 10 16
g7|13 7 3 1 0 2 4 9 16
g7|12 6 3 1 0 2 5 10 16
g7|12 6 3 1 0 2 4 9 16
g7|10 5 2 0 1 3 7 13 19
g7|10 5 2 0 1 3 6 12 19
g7|9 4 2 0 1 3 7 13 19

#gn7CCCSSCCCCC|GraphID|L
g7|9 4 2 0 1 3 6 12 19 13
g7|13 7 3 1 0 2 5 10 16 9
g7|13 7 3 1 0 2 4 9 16 10
g7|12 6 3 1 0 2 5 10 16 9
g7|12 6 3 1 0 2 4 9 16 10
g7|10 5 2 0 1 3 7 13 19 12
g7|10 5 2 0 1 3 6 12 19 13
g7|9 4 2 0 1 3 7 13 19 12

#gn7CCCSSCCCCCC|GraphID|L
g7|9 4 2 0 1 3 6 12 19 13 7
g7|13 7 3 1 0 2 5 10 16 9 4
g7|13 7 3 1 0 2 4 9 16 10 5
g7|12 6 3 1 0 2 5 10 16 9 4
g7|12 6 3 1 0 2 4 9 16 10 5
g7|10 5 2 0 1 3 7 13 19 12 6
g7|10 5 2 0 1 3 6 12 19 13 7
g7|9 4 2 0 1 3 7 13 19 12 6

#gn7CCCSSCCCCCH|GraphID|L
g7|9 4 2 0 1 3 6 12 19 13 31
g7|13 7 3 1 0 2 5 10 16 9 28
g7|13 7 3 1 0 2 4 9 16 10 29
g7|12 6 3 1 0 2 5 10 16 9 28
g7|12 6 3 1 0 2 4 9 16 10 29
g7|10 5 2 0 1 3 7 13 19 12 30
g7|10 5 2 0 1 3 6 12 19 13 31
g7|9 4 2 0 1 3 7 13 19 12 30

#gn7CCCSSCCCCN|GraphID|L
g7|9 4 2 0 1 3 6 12 19 21
g7|13 7 3 1 0 2 5 10 16 20
g7|13 7 3 1 0 2 4 9 16 20
g7|12 6 3 1 0 2 5 10 16 20
g7|12 6 3 1 0 2 4 9 16 20
g7|10 5 2 0 1 3 7 13 19 21
g7|10 5 2 0 1 3 6 12 19 21
g7|9 4 2 0 1 3 7 13 19 21

#gn7CCCSSCCCCNO|GraphID|L
g7|9 4 2 0 1 3 6 12 19 21 24
g7|13 7 3 1 0 2 5 10 16 20 23
g7|13 7 3 1 0 2 5 10 16 20 22
g7|13 7 3 1 0 2 4 9 16 20 23
g7|13 7 3 1 0 2 4 9 16 20 22
g7|12 6 3 1 0 2 5 10 16 20 23
g7|12 6 3 1 0 2 5 10 16 20 22
g7|12 6 3 1 0 2 4 9 16 20 23
g7|12 6 3 1 0 2 4 9 16 20 22
g7|10 5 2 0 1 3 7 13 19 21 25
g7|10 5 2 0 1 3 7 13 19 21 24
g7|10 5 2 0 1 3 6 12 19 21 25
g7|10 5 2 0 1 3 6 12 19 21 24
g7|9 4 2 0 1 3 7 13 19 21 25
g7|9 4 2 0 1 3 7 13 19 21 24
g7|9 4 2 0 1 3 6 12 19 21 25

#gn7CCCSSCCCH|GraphID|L
g7|9 4 2 0 1 3 6 12 30
g7|13 7 3 1 0 2 5 10 29
g7|13 7 3 1 0 2 4 9 28
g7|12 6 3 1 0 2 5 10 29
g7|12 6 3 1 0 2 4 9 28
g7|10 5 2 0 1 3 7 13 31
g7|10 5 2 0 1 3 6 12 30
g7|9 4 2 0 1 3 7 13 31

#gn7CCCSSCCH|GraphID|L
g7|9 4 2 0 1 3 7 27
g7|13 7 3 1 0 2 5 26
g7|12 6 3 1 0 2 5 26
g7|10 5 2 0 1 3 7 27

#gn7CCCCCS|GraphID|L
g7|9 16 10 5 2 0
g7|13 19 12 6 3 1
g7|12 19 13 7 3 1
g7|10 16 9 4 2 0

#gn7CCCCCSS|GraphID|L
g7|9 16 10 5 2 0 1
g7|13 19 12 6 3 1 0
g7|12 19 13 7 3 1 0
g7|10 16 9 4 2 0 1

#gn7HCCCCC|GraphID|L
g7|26 5 2 4 9 16
g7|31 13 19 12 6 3
g7|31 13 7 3 6 12
g7|30 12 19 13 7 3
g7|30 12 6 3 7 13
g7|29 10 16 9 4 2
g7|29 10 5 2 4 9
g7|28 9 16 10 5 2
g7|28 9 4 2 5 10
g7|27 7 13 19 12 6
g7|27 7 3 6 12 19
g7|26 5 10 16 9 4

#gn7CCCCCSSC|GraphID|L
g7|9 16 10 5 2 0 1 3
g7|13 19 12 6 3 1 0 2
g7|12 19 13 7 3 1 0 2
g7|10 16 9 4 2 0 1 3

#gn7NCCCCS|GraphID|L
g7|20 16 9 4 2 0
g7|21 19 13 7 3 1
g7|21 19 12 6 3 1
g7|20 16 10 5 2 0

#gn7HCCCCCC|GraphID|L
g7|26 5 2 4 9 16 10
g7|31 13 19 12 6 3 7
g7|31 13 7 3 6 12 19
g7|30 12 19 13 7 3 6
g7|30 12 6 3 7 13 19
g7|29 10 16 9 4 2 5
g7|29 10 5 2 4 9 16
g7|28 9 16 10 5 2 4
g7|28 9 4 2 5 10 16
g7|27 7 13 19 12 6 3
g7|27 7 3 6 12 19 13
g7|26 5 10 16 9 4 2

#gn7CCCCCSSCC|GraphID|L
g7|9 16 10 5 2 0 1 3 6
g7|13 19 12 6 3 1 0 2 5
g7|13 19 12 6 3 1 0 2 4
g7|12 19 13 7 3 1 0 2 5
g7|12 19 13 7 3 1 0 2 4
g7|10 16 9 4 2 0 1 3 7
g7|10 16 9 4 2 0 1 3 6
g7|9 16 10 5 2 0 1 3 7

#gn7HCCCCCCC|GraphID|L
g7|26 5 2 4 9 16 10 5
g7|31 13 19 12 6 3 7 13
g7|31 13 7 3 6 12 19 13
g7|30 12 19 13 7 3 6 12
g7|30 12 6 3 7 13 19 12
g7|29 10 16 9 4 2 5 10
g7|29 10 5 2 4 9 16 10
g7|28 9 16 10 5 2 4 9
g7|28 9 4 2 5 10 16 9
g7|27 7 13 19 12 6 3 7
g7|27 7 3 6 12 19 13 7
g7|26 5 10 16 9 4 2 5

#gn7CCCCCSSCCN|GraphID|L
g7|9 16 10 5 2 0 1 3 6 11
g7|13 19 12 6 3 1 0 2 4 8
g7|12 19 13 7 3 1 0 2 4 8
g7|10 16 9 4 2 0 1 3 6 11

#gn7CCCCCSSCCNO|GraphID|L
g7|9 16 10 5 2 0 1 3 6 11 17
g7|13 19 12 6 3 1 0 2 4 8 15
g7|13 19 12 6 3 1 0 2 4 8 14
g7|12 19 13 7 3 1 0 2 4 8 15
g7|12 19 13 7 3 1 0 2 4 8 14
g7|10 16 9 4 2 0 1 3 6 11 18
g7|10 16 9 4 2 0 1 3 6 11 17
g7|9 16 10 5 2 0 1 3 6 11 18

#gn7CCCCCSSCCC|GraphID|L
g7|9 16 10 5 2 0 1 3 6 12
g7|13 19 12 6 3 1 0 2 5 10
g7|13 19 12 6 3 1 0 2 4 9
g7|12 19 13 7 3 1 0 2 5 10
g7|12 19 13 7 3 1 0 2 4 9
g7|10 16 9 4 2 0 1 3 7 13
g7|10 16 9 4 2 0 1 3 6 12
g7|9 16 10 5 2 0 1 3 7 13

#gn7CCCCCSSCCCC|GraphID|L
g7|9 16 10 5 2 0 1 3 6 12 19
g7|13 19 12 6 3 1 0 2 5 10 16
g7|13 19 12 6 3 1 0 2 4 9 16
g7|12 19 13 7 3 1 0 2 5 10 16
g7|12 19 13 7 3 1 0 2 4 9 16
g7|10 16 9 4 2 0 1 3 7 13 19
g7|10 16 9 4 2 0 1 3 6 12 19
g7|9 16 10 5 2 0 1 3 7 13 19

#gn7CCCCCSSCCCH|GraphID|L
g7|9 16 10 5 2 0 1 3 6 12 30
g7|13 19 12 6 3 1 0 2 5 10 29
g7|13 19 12 6 3 1 0 2 4 9 28
g7|12 19 13 7 3 1 0 2 5 10 29
g7|12 19 13 7 3 1 0 2 4 9 28
g7|10 16 9 4 2 0 1 3 7 13 31
g7|10 16 9 4 2 0 1 3 6 12 30
g7|9 16 10 5 2 0 1 3 7 13 31

#gn7CCCCCSSCCH|GraphID|L
g7|9 16 10 5 2 0 1 3 7 27
g7|13 19 12 6 3 1 0 2 5 26
g7|12 19 13 7 3 1 0 2 5 26
g7|10 16 9 4 2 0 1 3 7 27

#gn7ON|GraphID|L
g7|14 8
g7|25 21
g7|24 21
g7|23 20
g7|22 20
g7|18 11
g7|17 11
g7|15 8

#gn7ONC|GraphID|L
g7|14 8 4
g7|25 21 19
g7|24 21 19
g7|23 20 16
g7|22 20 16
g7|18 11 6
g7|17 11 6
g7|15 8 4

#gn7ONCC|GraphID|L
g7|14 8 4 2
g7|25 21 19 13
g7|25 21 19 12
g7|24 21 19 13
g7|24 21 19 12
g7|23 20 16 10
g7|23 20 16 9
g7|22 20 16 10
g7|22 20 16 9
g7|18 11 6 12
g7|18 11 6 3
g7|17 11 6 12
g7|17 11 6 3
g7|15 8 4 9
g7|15 8 4 2
g7|14 8 4 9

#gn7ONCCS|GraphID|L
g7|14 8 4 2 0
g7|18 11 6 3 1
g7|17 11 6 3 1
g7|15 8 4 2 0

#gn7ONCCSS|GraphID|L
g7|14 8 4 2 0 1
g7|18 11 6 3 1 0
g7|17 11 6 3 1 0
g7|15 8 4 2 0 1

#gn7ONCCSSC|GraphID|L
g7|14 8 4 2 0 1 3
g7|18 11 6 3 1 0 2
g7|17 11 6 3 1 0 2
g7|15 8 4 2 0 1 3

#gn7ONCCSSCC|GraphID|L
g7|14 8 4 2 0 1 3 6
g7|18 11 6 3 1 0 2 5
g7|18 11 6 3 1 0 2 4
g7|17 11 6 3 1 0 2 5
g7|17 11 6 3 1 0 2 4
g7|15 8 4 2 0 1 3 7
g7|15 8 4 2 0 1 3 6
g7|14 8 4 2 0 1 3 7

#gn7ONCCSSCCN|GraphID|L
g7|14 8 4 2 0 1 3 6 11
g7|18 11 6 3 1 0 2 4 8
g7|17 11 6 3 1 0 2 4 8
g7|15 8 4 2 0 1 3 6 11

#gn7ONCCSSCCNO|GraphID|L
g7|14 8 4 2 0 1 3 6 11 17
g7|18 11 6 3 1 0 2 4 8 15
g7|18 11 6 3 1 0 2 4 8 14
g7|17 11 6 3 1 0 2 4 8 15
g7|17 11 6 3 1 0 2 4 8 14
g7|15 8 4 2 0 1 3 6 11 18
g7|15 8 4 2 0 1 3 6 11 17
g7|14 8 4 2 0 1 3 6 11 18

#gn7ONCCSSCCC|GraphID|L
g7|14 8 4 2 0 1 3 6 12
g7|18 11 6 3 1 0 2 5 10
g7|18 11 6 3 1 0 2 4 9
g7|17 11 6 3 1 0 2 5 10
g7|17 11 6 3 1 0 2 4 9
g7|15 8 4 2 0 1 3 7 13
g7|15 8 4 2 0 1 3 6 12
g7|14 8 4 2 0 1 3 7 13

#gn7ONCCSSCCCC|GraphID|L
g7|14 8 4 2 0 1 3 6 12 19
g7|18 11 6 3 1 0 2 5 10 16
g7|18 11 6 3 1 0 2 4 9 16
g7|17 11 6 3 1 0 2 5 10 16
g7|17 11 6 3 1 0 2 4 9 16
g7|15 8 4 2 0 1 3 7 13 19
g7|15 8 4 2 0 1 3 6 12 19
g7|14 8 4 2 0 1 3 7 13 19

#gn7ONCCSSCCCCC|GraphID|L
g7|14 8 4 2 0 1 3 6 12 19 13
g7|18 11 6 3 1 0 2 5 10 16 9
g7|18 11 6 3 1 0 2 4 9 16 10
g7|17 11 6 3 1 0 2 5 10 16 9
g7|17 11 6 3 1 0 2 4 9 16 10
g7|15 8 4 2 0 1 3 7 13 19 12
g7|15 8 4 2 0 1 3 6 12 19 13
g7|14 8 4 2 0 1 3 7 13 19 12

#gn7ONCCSSCCCCN|GraphID|L
g7|14 8 4 2 0 1 3 6 12 19 21
g7|18 11 6 3 1 0 2 5 10 16 20
g7|18 11 6 3 1 0 2 4 9 16 20
g7|17 11 6 3 1 0 2 5 10 16 20
g7|17 11 6 3 1 0 2 4 9 16 20
g7|15 8 4 2 0 1 3 7 13 19 21
g7|15 8 4 2 0 1 3 6 12 19 21
g7|14 8 4 2 0 1 3 7 13 19 21

#gn7ONCCSSCCCH|GraphID|L
g7|14 8 4 2 0 1 3 6 12 30
g7|18 11 6 3 1 0 2 5 10 29
g7|18 11 6 3 1 0 2 4 9 28
g7|17 11 6 3 1 0 2 5 10 29
g7|17 11 6 3 1 0 2 4 9 28
g7|15 8 4 2 0 1 3 7 13 31
g7|15 8 4 2 0 1 3 6 12 30
g7|14 8 4 2 0 1 3 7 13 31

#gn7ONCCSSCCH|GraphID|L
g7|14 8 4 2 0 1 3 7 27
g7|18 11 6 3 1 0 2 5 26
g7|17 11 6 3 1 0 2 5 26
g7|15 8 4 2 0 1 3 7 27

#gn7ONCCC|GraphID|L
g7|14 8 4 2 5
g7|25 21 19 13 7
g7|25 21 19 12 6
g7|24 21 19 13 7
g7|24 21 19 12 6
g7|23 20 16 10 5
g7|23 20 16 9 4
g7|22 20 16 10 5
g7|22 20 16 9 4
g7|18 11 6 12 19
g7|18 11 6 3 7
g7|17 11 6 12 19
g7|17 11 6 3 7
g7|15 8 4 9 16
g7|15 8 4 2 5
g7|14 8 4 9 16

#gn7ONCCCC|GraphID|L
g7|14 8 4 2 5 10
g7|25 21 19 13 7 3
g7|25 21 19 12 6 3
g7|24 21 19 13 7 3
g7|24 21 19 12 6 3
g7|23 20 16 10 5 2
g7|23 20 16 9 4 2
g7|22 20 16 10 5 2
g7|22 20 16 9 4 2
g7|18 11 6 12 19 13
g7|18 11 6 3 7 13
g7|17 11 6 12 19 13
g7|17 11 6 3 7 13
g7|15 8 4 9 16 10
g7|15 8 4 2 5 10
g7|14 8 4 9 16 10

#gn7ONCCCCC|GraphID|L
g7|14 8 4 2 5 10 16
g7|25 21 19 13 7 3 6
g7|25 21 19 12 6 3 7
g7|24 21 19 13 7 3 6
g7|24 21 19 12 6 3 7
g7|23 20 16 10 5 2 4
g7|23 20 16 9 4 2 5
g7|22 20 16 10 5 2 4
g7|22 20 16 9 4 2 5
g7|18 11 6 12 19 13 7
g7|18 11 6 3 7 13 19
g7|17 11 6 12 19 13 7
g7|17 11 6 3 7 13 19
g7|15 8 4 9 16 10 5
g7|15 8 4 2 5 10 16
g7|14 8 4 9 16 10 5

#gn7ONCCCCCC|GraphID|L
g7|14 8 4 2 5 10 16 9
g7|25 21 19 13 7 3 6 12
g7|25 21 19 12 6 3 7 13
g7|24 21 19 13 7 3 6 12
g7|24 21 19 12 6 3 7 13
g7|23 20 16 10 5 2 4 9
g7|23 20 16 9 4 2 5 10
g7|22 20 16 10 5 2 4 9
g7|22 20 16 9 4 2 5 10
g7|18 11 6 12 19 13 7 3
g7|18 11 6 3 7 13 19 12
g7|17 11 6 12 19 13 7 3
g7|17 11 6 3 7 13 19 12
g7|15 8 4 9 16 10 5 2
g7|15 8 4 2 5 10 16 9
g7|14 8 4 9 16 10 5 2

#gn7ONCCCCCCC|GraphID|L
g7|14 8 4 2 5 10 16 9 4
g7|25 21 19 13 7 3 6 12 19
g7|25 21 19 12 6 3 7 13 19
g7|24 21 19 13 7 3 6 12 19
g7|24 21 19 12 6 3 7 13 19
g7|23 20 16 10 5 2 4 9 16
g7|23 20 16 9 4 2 5 10 16
g7|22 20 16 10 5 2 4 9 16
g7|22 20 16 9 4 2 5 10 16
g7|18 11 6 12 19 13 7 3 6
g7|18 11 6 3 7 13 19 12 6
g7|17 11 6 12 19 13 7 3 6
g7|17 11 6 3 7 13 19 12 6
g7|15 8 4 9 16 10 5 2 4
g7|15 8 4 2 5 10 16 9 4
g7|14 8 4 9 16 10 5 2 4

#gn7ONCCCCCCH|GraphID|L
g7|14 8 4 2 5 10 16 9 28
g7|25 21 19 13 7 3 6 12 30
g7|25 21 19 12 6 3 7 13 31
g7|24 21 19 13 7 3 6 12 30
g7|24 21 19 12 6 3 7 13 31
g7|23 20 16 10 5 2 4 9 28
g7|23 20 16 9 4 2 5 10 29
g7|22 20 16 10 5 2 4 9 28
g7|22 20 16 9 4 2 5 10 29
g7|18 11 6 3 7 13 19 12 30
g7|17 11 6 3 7 13 19 12 30
g7|15 8 4 2 5 10 16 9 28

#gn7ONCCCCCN|GraphID|L
g7|14 8 4 2 5 10 16 20
g7|25 21 19 13 7 3 6 11
g7|24 21 19 13 7 3 6 11
g7|23 20 16 10 5 2 4 8
g7|22 20 16 10 5 2 4 8
g7|18 11 6 3 7 13 19 21
g7|17 11 6 3 7 13 19 21
g7|15 8 4 2 5 10 16 20

#gn7ONCCCCCNO|GraphID|L
g7|14 8 4 2 5 10 16 20 22
g7|25 21 19 13 7 3 6 11 18
g7|25 21 19 13 7 3 6 11 17
g7|24 21 19 13 7 3 6 11 18
g7|24 21 19 13 7 3 6 11 17
g7|23 20 16 10 5 2 4 8 15
g7|23 20 16 10 5 2 4 8 14
g7|22 20 16 10 5 2 4 8 15
g7|22 20 16 10 5 2 4 8 14
g7|18 11 6 3 7 13 19 21 25
g7|18 11 6 3 7 13 19 21 24
g7|17 11 6 3 7 13 19 21 25
g7|17 11 6 3 7 13 19 21 24
g7|15 8 4 2 5 10 16 20 23
g7|15 8 4 2 5 10 16 20 22
g7|14 8 4 2 5 10 16 20 23

#gn7ONCCCCH|GraphID|L
g7|14 8 4 2 5 10 29
g7|18 11 6 12 19 13 31
g7|18 11 6 3 7 13 31
g7|17 11 6 12 19 13 31
g7|17 11 6 3 7 13 31
g7|15 8 4 9 16 10 29
g7|15 8 4 2 5 10 29
g7|14 8 4 9 16 10 29

#gn7ONCCCH|GraphID|L
g7|14 8 4 2 5 26
g7|25 21 19 13 7 27
g7|24 21 19 13 7 27
g7|23 20 16 10 5 26
g7|22 20 16 10 5 26
g7|18 11 6 3 7 27
g7|17 11 6 3 7 27
g7|15 8 4 2 5 26

#gn7ONCCCCCCS|GraphID|L
g7|14 8 4 9 16 10 5 2 0
g7|18 11 6 12 19 13 7 3 1
g7|17 11 6 12 19 13 7 3 1
g7|15 8 4 9 16 10 5 2 0

#gn7ONCCCCCCSS|GraphID|L
g7|14 8 4 9 16 10 5 2 0 1
g7|18 11 6 12 19 13 7 3 1 0
g7|17 11 6 12 19 13 7 3 1 0
g7|15 8 4 9 16 10 5 2 0 1

#gn7ONCCCCCCSSC|GraphID|L
g7|14 8 4 9 16 10 5 2 0 1 3
g7|18 11 6 12 19 13 7 3 1 0 2
g7|17 11 6 12 19 13 7 3 1 0 2
g7|15 8 4 9 16 10 5 2 0 1 3

#gn7ONCCCCCH|GraphID|L
g7|14 8 4 9 16 10 5 26
g7|25 21 19 12 6 3 7 27
g7|24 21 19 12 6 3 7 27
g7|23 20 16 9 4 2 5 26
g7|22 20 16 9 4 2 5 26
g7|18 11 6 12 19 13 7 27
g7|17 11 6 12 19 13 7 27
g7|15 8 4 9 16 10 5 26

#gn7ONCCCCS|GraphID|L
g7|22 20 16 9 4 2 0
g7|25 21 19 13 7 3 1
g7|25 21 19 12 6 3 1
g7|24 21 19 13 7 3 1
g7|24 21 19 12 6 3 1
g7|23 20 16 10 5 2 0
g7|23 20 16 9 4 2 0
g7|22 20 16 10 5 2 0

#gn7ONCCCNO|GraphID|L
g7|14 8 4 9 16 20 22
g7|25 21 19 12 6 11 18
g7|25 21 19 12 6 11 17
g7|24 21 19 12 6 11 18
g7|24 21 19 12 6 11 17
g7|23 20 16 9 4 8 15
g7|23 20 16 9 4 8 14
g7|22 20 16 9 4 8 15
g7|22 20 16 9 4 8 14
g7|18 11 6 12 19 21 25
g7|18 11 6 12 19 21 24
g7|17 11 6 12 19 21 25
g7|17 11 6 12 19 21 24
g7|15 8 4 9 16 20 23
g7|15 8 4 9 16 20 22
g7|14 8 4 9 16 20 23

#gn7ONCCH|GraphID|L
g7|14 8 4 9 28
g7|25 21 19 13 31
g7|25 21 19 12 30
g7|24 21 19 13 31
g7|24 21 19 12 30
g7|23 20 16 10 29
g7|23 20 16 9 28
g7|22 20 16 10 29
g7|22 20 16 9 28
g7|18 11 6 12 30
g7|17 11 6 12 30
g7|15 8 4 9 28

#gn7ONO|GraphID|L
g7|14 8 15
g7|25 21 24
g7|24 21 25
g7|23 20 22
g7|22 20 23
g7|18 11 17
g7|17 11 18
g7|15 8 14

#gn7CCCCS|GraphID|L
g7|16 9 4 2 0
g7|19 13 7 3 1
g7|19 12 6 3 1
g7|16 10 5 2 0

#gn7CCCCSS|GraphID|L
g7|16 9 4 2 0 1
g7|19 13 7 3 1 0
g7|19 12 6 3 1 0
g7|16 10 5 2 0 1

#gn7CCCCSSC|GraphID|L
g7|16 9 4 2 0 1 3
g7|19 13 7 3 1 0 2
g7|19 12 6 3 1 0 2
g7|16 10 5 2 0 1 3

#gn7CCCCSSCC|GraphID|L
g7|16 9 4 2 0 1 3 6
g7|19 13 7 3 1 0 2 5
g7|19 13 7 3 1 0 2 4
g7|19 12 6 3 1 0 2 5
g7|19 12 6 3 1 0 2 4
g7|16 10 5 2 0 1 3 7
g7|16 10 5 2 0 1 3 6
g7|16 9 4 2 0 1 3 7

#gn7CCCCSSCCN|GraphID|L
g7|16 9 4 2 0 1 3 6 11
g7|19 13 7 3 1 0 2 4 8
g7|19 12 6 3 1 0 2 4 8
g7|16 10 5 2 0 1 3 6 11

#gn7CCCCSSCCNO|GraphID|L
g7|16 9 4 2 0 1 3 6 11 17
g7|19 13 7 3 1 0 2 4 8 15
g7|19 13 7 3 1 0 2 4 8 14
g7|19 12 6 3 1 0 2 4 8 15
g7|19 12 6 3 1 0 2 4 8 14
g7|16 10 5 2 0 1 3 6 11 18
g7|16 10 5 2 0 1 3 6 11 17
g7|16 9 4 2 0 1 3 6 11 18

#gn7CCCCSSCCC|GraphID|L
g7|16 9 4 2 0 1 3 6 12
g7|19 13 7 3 1 0 2 5 10
g7|19 13 7 3 1 0 2 4 9
g7|19 12 6 3 1 0 2 5 10
g7|19 12 6 3 1 0 2 4 9
g7|16 10 5 2 0 1 3 7 13
g7|16 10 5 2 0 1 3 6 12
g7|16 9 4 2 0 1 3 7 13

#gn7CCCCSSCCCC|GraphID|L
g7|16 9 4 2 0 1 3 6 12 19
g7|19 13 7 3 1 0 2 5 10 16
g7|19 13 7 3 1 0 2 4 9 16
g7|19 12 6 3 1 0 2 5 10 16
g7|19 12 6 3 1 0 2 4 9 16
g7|16 10 5 2 0 1 3 7 13 19
g7|16 10 5 2 0 1 3 6 12 19
g7|16 9 4 2 0 1 3 7 13 19

#gn7CCCCSSCCCCN|GraphID|L
g7|16 9 4 2 0 1 3 6 12 19 21
g7|19 13 7 3 1 0 2 5 10 16 20
g7|19 13 7 3 1 0 2 4 9 16 20
g7|19 12 6 3 1 0 2 5 10 16 20
g7|19 12 6 3 1 0 2 4 9 16 20
g7|16 10 5 2 0 1 3 7 13 19 21
g7|16 10 5 2 0 1 3 6 12 19 21
g7|16 9 4 2 0 1 3 7 13 19 21

#gn7CCCCSSCCCH|GraphID|L
g7|16 9 4 2 0 1 3 6 12 30
g7|19 13 7 3 1 0 2 5 10 29
g7|19 13 7 3 1 0 2 4 9 28
g7|19 12 6 3 1 0 2 5 10 29
g7|19 12 6 3 1 0 2 4 9 28
g7|16 10 5 2 0 1 3 7 13 31
g7|16 10 5 2 0 1 3 6 12 30
g7|16 9 4 2 0 1 3 7 13 31

#gn7CCCCSSCCH|GraphID|L
g7|16 9 4 2 0 1 3 7 27
g7|19 13 7 3 1 0 2 5 26
g7|19 12 6 3 1 0 2 5 26
g7|16 10 5 2 0 1 3 7 27

#gn7NCCCCSS|GraphID|L
g7|20 16 9 4 2 0 1
g7|21 19 13 7 3 1 0
g7|21 19 12 6 3 1 0
g7|20 16 10 5 2 0 1

#gn7HCCCCCCS|GraphID|L
g7|26 5 10 16 9 4 2 0
g7|27 7 13 19 12 6 3 1

#gn7NCCCCSSC|GraphID|L
g7|20 16 9 4 2 0 1 3
g7|21 19 13 7 3 1 0 2
g7|21 19 12 6 3 1 0 2
g7|20 16 10 5 2 0 1 3

#gn7NCCCCSSCCN|GraphID|L
g7|20 16 9 4 2 0 1 3 6 11
g7|21 19 13 7 3 1 0 2 4 8
g7|21 19 12 6 3 1 0 2 4 8
g7|20 16 10 5 2 0 1 3 6 11

#gn7NCCCCSSCCNO|GraphID|L
g7|20 16 9 4 2 0 1 3 6 11 17
g7|21 19 13 7 3 1 0 2 4 8 15
g7|21 19 13 7 3 1 0 2 4 8 14
g7|21 19 12 6 3 1 0 2 4 8 15
g7|21 19 12 6 3 1 0 2 4 8 14
g7|20 16 10 5 2 0 1 3 6 11 18
g7|20 16 10 5 2 0 1 3 6 11 17
g7|20 16 9 4 2 0 1 3 6 11 18

#gn7NCCCCSSCCC|GraphID|L
g7|20 16 9 4 2 0 1 3 6 12
g7|21 19 13 7 3 1 0 2 5 10
g7|21 19 13 7 3 1 0 2 4 9
g7|21 19 12 6 3 1 0 2 5 10
g7|21 19 12 6 3 1 0 2 4 9
g7|20 16 10 5 2 0 1 3 7 13
g7|20 16 10 5 2 0 1 3 6 12
g7|20 16 9 4 2 0 1 3 7 13

#gn7NCCCCSSCCCC|GraphID|L
g7|20 16 9 4 2 0 1 3 6 12 19
g7|21 19 13 7 3 1 0 2 5 10 16
g7|21 19 13 7 3 1 0 2 4 9 16
g7|21 19 12 6 3 1 0 2 5 10 16
g7|21 19 12 6 3 1 0 2 4 9 16
g7|20 16 10 5 2 0 1 3 7 13 19
g7|20 16 10 5 2 0 1 3 6 12 19
g7|20 16 9 4 2 0 1 3 7 13 19

#gn7NCCCCSSCCCH|GraphID|L
g7|20 16 9 4 2 0 1 3 6 12 30
g7|21 19 13 7 3 1 0 2 5 10 29
g7|21 19 13 7 3 1 0 2 4 9 28
g7|21 19 12 6 3 1 0 2 5 10 29
g7|21 19 12 6 3 1 0 2 4 9 28
g7|20 16 10 5 2 0 1 3 7 13 31
g7|20 16 10 5 2 0 1 3 6 12 30
g7|20 16 9 4 2 0 1 3 7 13 31

#gn7NCCCCSSCCH|GraphID|L
g7|20 16 9 4 2 0 1 3 7 27
g7|21 19 13 7 3 1 0 2 5 26
g7|21 19 12 6 3 1 0 2 5 26
g7|20 16 10 5 2 0 1 3 7 27

#gn7ONCCCCSS|GraphID|L
g7|22 20 16 9 4 2 0 1
g7|25 21 19 13 7 3 1 0
g7|25 21 19 12 6 3 1 0
g7|24 21 19 13 7 3 1 0
g7|24 21 19 12 6 3 1 0
g7|23 20 16 10 5 2 0 1
g7|23 20 16 9 4 2 0 1
g7|22 20 16 10 5 2 0 1

#gn7ONCCCCSSC|GraphID|L
g7|22 20 16 9 4 2 0 1 3
g7|25 21 19 13 7 3 1 0 2
g7|25 21 19 12 6 3 1 0 2
g7|24 21 19 13 7 3 1 0 2
g7|24 21 19 12 6 3 1 0 2
g7|23 20 16 10 5 2 0 1 3
g7|23 20 16 9 4 2 0 1 3
g7|22 20 16 10 5 2 0 1 3

#gn7ONCCCCSSCC|GraphID|L
g7|22 20 16 9 4 2 0 1 3 6
g7|25 21 19 13 7 3 1 0 2 5
g7|25 21 19 13 7 3 1 0 2 4
g7|25 21 19 12 6 3 1 0 2 5
g7|25 21 19 12 6 3 1 0 2 4
g7|24 21 19 13 7 3 1 0 2 5
g7|24 21 19 13 7 3 1 0 2 4
g7|24 21 19 12 6 3 1 0 2 5
g7|24 21 19 12 6 3 1 0 2 4
g7|23 20 16 10 5 2 0 1 3 7
g7|23 20 16 10 5 2 0 1 3 6
g7|23 20 16 9 4 2 0 1 3 7
g7|23 20 16 9 4 2 0 1 3 6
g7|22 20 16 10 5 2 0 1 3 7
g7|22 20 16 10 5 2 0 1 3 6
g7|22 20 16 9 4 2 0 1 3 7

#gn7HCCCNO|GraphID|L
g7|26 5 2 4 8 14
g7|27 7 13 19 21 25
g7|27 7 13 19 21 24
g7|27 7 3 6 11 18
g7|27 7 3 6 11 17
g7|26 5 10 16 20 23
g7|26 5 10 16 20 22
g7|26 5 2 4 8 15

#gn7ONCCCCSSCCN|GraphID|L
g7|22 20 16 9 4 2 0 1 3 6 11
g7|25 21 19 13 7 3 1 0 2 4 8
g7|25 21 19 12 6 3 1 0 2 4 8
g7|24 21 19 13 7 3 1 0 2 4 8
g7|24 21 19 12 6 3 1 0 2 4 8
g7|23 20 16 10 5 2 0 1 3 6 11
g7|23 20 16 9 4 2 0 1 3 6 11
g7|22 20 16 10 5 2 0 1 3 6 11

#gn7ONCCCCSSCCC|GraphID|L
g7|22 20 16 9 4 2 0 1 3 6 12
g7|25 21 19 13 7 3 1 0 2 5 10
g7|25 21 19 13 7 3 1 0 2 4 9
g7|25 21 19 12 6 3 1 0 2 5 10
g7|25 21 19 12 6 3 1 0 2 4 9
g7|24 21 19 13 7 3 1 0 2 5 10
g7|24 21 19 13 7 3 1 0 2 4 9
g7|24 21 19 12 6 3 1 0 2 5 10
g7|24 21 19 12 6 3 1 0 2 4 9
g7|23 20 16 10 5 2 0 1 3 7 13
g7|23 20 16 10 5 2 0 1 3 6 12
g7|23 20 16 9 4 2 0 1 3 7 13
g7|23 20 16 9 4 2 0 1 3 6 12
g7|22 20 16 10 5 2 0 1 3 7 13
g7|22 20 16 10 5 2 0 1 3 6 12
g7|22 20 16 9 4 2 0 1 3 7 13

#gn7ONCCCCSSCCH|GraphID|L
g7|22 20 16 9 4 2 0 1 3 7 27
g7|25 21 19 13 7 3 1 0 2 5 26
g7|25 21 19 12 6 3 1 0 2 5 26
g7|24 21 19 13 7 3 1 0 2 5 26
g7|24 21 19 12 6 3 1 0 2 5 26
g7|23 20 16 10 5 2 0 1 3 7 27
g7|23 20 16 9 4 2 0 1 3 7 27
g7|22 20 16 10 5 2 0 1 3 7 27

#gn7H|GraphID|L
g7|26
g7|31
g7|30
g7|29
g7|28
g7|27

#gn7HC|GraphID|L
g7|26 5
g7|31 13
g7|30 12
g7|29 10
g7|28 9
g7|27 7

#gn7HCC|GraphID|L
g7|26 5 2
g7|31 13 19
g7|31 13 7
g7|30 12 19
g7|30 12 6
g7|29 10 16
g7|29 10 5
g7|28 9 16
g7|28 9 4
g7|27 7 13
g7|27 7 3
g7|26 5 10

#gn7HCCS|GraphID|L
g7|26 5 2 0
g7|27 7 3 1

#gn7HCCSS|GraphID|L
g7|26 5 2 0 1
g7|27 7 3 1 0

#gn7HCCSSC|GraphID|L
g7|26 5 2 0 1 3
g7|27 7 3 1 0 2

#gn7HCCSSCC|GraphID|L
g7|26 5 2 0 1 3 6
g7|27 7 3 1 0 2 5
g7|27 7 3 1 0 2 4
g7|26 5 2 0 1 3 7

#gn7HCCSSCCNO|GraphID|L
g7|26 5 2 0 1 3 6 11 17
g7|27 7 3 1 0 2 4 8 15
g7|27 7 3 1 0 2 4 8 14
g7|26 5 2 0 1 3 6 11 18

#gn7HCCSSCCC|GraphID|L
g7|26 5 2 0 1 3 6 12
g7|27 7 3 1 0 2 5 10
g7|27 7 3 1 0 2 4 9
g7|26 5 2 0 1 3 7 13

#gn7HCCSSCCCC|GraphID|L
g7|26 5 2 0 1 3 6 12 19
g7|27 7 3 1 0 2 5 10 16
g7|27 7 3 1 0 2 4 9 16
g7|26 5 2 0 1 3 7 13 19

#gn7HCCSSCCCCC|GraphID|L
g7|26 5 2 0 1 3 6 12 19 13
g7|27 7 3 1 0 2 5 10 16 9
g7|27 7 3 1 0 2 4 9 16 10
g7|26 5 2 0 1 3 7 13 19 12

#gn7HCCSSCCCCCC|GraphID|L
g7|26 5 2 0 1 3 6 12 19 13 7
g7|27 7 3 1 0 2 5 10 16 9 4
g7|27 7 3 1 0 2 4 9 16 10 5
g7|26 5 2 0 1 3 7 13 19 12 6

#gn7HCCSSCCCCCH|GraphID|L
g7|26 5 2 0 1 3 6 12 19 13 31
g7|27 7 3 1 0 2 5 10 16 9 28
g7|27 7 3 1 0 2 4 9 16 10 29
g7|26 5 2 0 1 3 7 13 19 12 30

#gn7HCCSSCCCCN|GraphID|L
g7|26 5 2 0 1 3 6 12 19 21
g7|27 7 3 1 0 2 5 10 16 20
g7|27 7 3 1 0 2 4 9 16 20
g7|26 5 2 0 1 3 7 13 19 21

#gn7HCCSSCCCH|GraphID|L
g7|26 5 2 0 1 3 6 12 30
g7|27 7 3 1 0 2 5 10 29
g7|27 7 3 1 0 2 4 9 28
g7|26 5 2 0 1 3 7 13 31

#gn7HCCSSCCH|GraphID|L
g7|26 5 2 0 1 3 7 27
g7|27 7 3 1 0 2 5 26

#gn7HCCC|GraphID|L
g7|26 5 2 4
g7|31 13 19 12
g7|31 13 7 3
g7|30 12 19 13
g7|30 12 6 3
g7|29 10 16 9
g7|29 10 5 2
g7|28 9 16 10
g7|28 9 4 2
g7|27 7 13 19
g7|27 7 3 6
g7|26 5 10 16

#gn7HCCCN|GraphID|L
g7|26 5 2 4 8
g7|27 7 13 19 21
g7|27 7 3 6 11
g7|26 5 10 16 20

#gn7HCCCC|GraphID|L
g7|26 5 2 4 9
g7|31 13 19 12 6
g7|31 13 7 3 6
g7|30 12 19 13 7
g7|30 12 6 3 7
g7|29 10 16 9 4
g7|29 10 5 2 4
g7|28 9 16 10 5
g7|28 9 4 2 5
g7|27 7 13 19 12
g7|27 7 3 6 12
g7|26 5 10 16 9

#gn7HCCCCCCH|GraphID|L
g7|26 5 2 4 9 16 10 29
g7|31 13 19 12 6 3 7 27
g7|29 10 16 9 4 2 5 26
g7|27 7 3 6 12 19 13 31

#gn7HCCCCCNO|GraphID|L
g7|26 5 2 4 9 16 20 22
g7|27 7 13 19 12 6 11 18
g7|27 7 13 19 12 6 11 17
g7|27 7 3 6 12 19 21 25
g7|27 7 3 6 12 19 21 24
g7|26 5 10 16 9 4 8 15
g7|26 5 10 16 9 4 8 14
g7|26 5 2 4 9 16 20 23

#gn7HCCCSSC|GraphID|L
g7|28 9 4 2 0 1 3
g7|31 13 7 3 1 0 2
g7|30 12 6 3 1 0 2
g7|29 10 5 2 0 1 3

#gn7HCCCCH|GraphID|L
g7|26 5 2 4 9 28
g7|30 12 19 13 7 27
g7|30 12 6 3 7 27
g7|28 9 16 10 5 26
g7|28 9 4 2 5 26
g7|27 7 13 19 12 30
g7|27 7 3 6 12 30
g7|26 5 10 16 9 28

#gn7HCCCCCCSS|GraphID|L
g7|26 5 10 16 9 4 2 0 1
g7|27 7 13 19 12 6 3 1 0

#gn7HCCCCCCSSC|GraphID|L
g7|26 5 10 16 9 4 2 0 1 3
g7|27 7 13 19 12 6 3 1 0 2

#gn7HCCCCCCSSCC|GraphID|L
g7|26 5 10 16 9 4 2 0 1 3 6
g7|27 7 13 19 12 6 3 1 0 2 5
g7|27 7 13 19 12 6 3 1 0 2 4
g7|26 5 10 16 9 4 2 0 1 3 7

#gn7HCCH|GraphID|L
g7|26 5 10 29
g7|31 13 7 27
g7|29 10 5 26
g7|27 7 13 31

#gn7HCCCS|GraphID|L
g7|28 9 4 2 0
g7|31 13 7 3 1
g7|30 12 6 3 1
g7|29 10 5 2 0

#gn7HCCCSS|GraphID|L
g7|28 9 4 2 0 1
g7|31 13 7 3 1 0
g7|30 12 6 3 1 0
g7|29 10 5 2 0 1

#gn7HCCCSSCC|GraphID|L
g7|28 9 4 2 0 1 3 6
g7|31 13 7 3 1 0 2 5
g7|31 13 7 3 1 0 2 4
g7|30 12 6 3 1 0 2 5
g7|30 12 6 3 1 0 2 4
g7|29 10 5 2 0 1 3 7
g7|29 10 5 2 0 1 3 6
g7|28 9 4 2 0 1 3 7

#gn7HCCCSSCCN|GraphID|L
g7|28 9 4 2 0 1 3 6 11
g7|31 13 7 3 1 0 2 4 8
g7|30 12 6 3 1 0 2 4 8
g7|29 10 5 2 0 1 3 6 11

#gn7HCCCSSCCNO|GraphID|L
g7|28 9 4 2 0 1 3 6 11 17
g7|31 13 7 3 1 0 2 4 8 15
g7|31 13 7 3 1 0 2 4 8 14
g7|30 12 6 3 1 0 2 4 8 15
g7|30 12 6 3 1 0 2 4 8 14
g7|29 10 5 2 0 1 3 6 11 18
g7|29 10 5 2 0 1 3 6 11 17
g7|28 9 4 2 0 1 3 6 11 18

#gn7HCCCSSCCC|GraphID|L
g7|28 9 4 2 0 1 3 6 12
g7|31 13 7 3 1 0 2 5 10
g7|31 13 7 3 1 0 2 4 9
g7|30 12 6 3 1 0 2 5 10
g7|30 12 6 3 1 0 2 4 9
g7|29 10 5 2 0 1 3 7 13
g7|29 10 5 2 0 1 3 6 12
g7|28 9 4 2 0 1 3 7 13

#gn7HCCCSSCCCC|GraphID|L
g7|28 9 4 2 0 1 3 6 12 19
g7|31 13 7 3 1 0 2 5 10 16
g7|31 13 7 3 1 0 2 4 9 16
g7|30 12 6 3 1 0 2 5 10 16
g7|30 12 6 3 1 0 2 4 9 16
g7|29 10 5 2 0 1 3 7 13 19
g7|29 10 5 2 0 1 3 6 12 19
g7|28 9 4 2 0 1 3 7 13 19

#gn7HCCCSSCCCCC|GraphID|L
g7|28 9 4 2 0 1 3 6 12 19 13
g7|31 13 7 3 1 0 2 5 10 16 9
g7|31 13 7 3 1 0 2 4 9 16 10
g7|30 12 6 3 1 0 2 5 10 16 9
g7|30 12 6 3 1 0 2 4 9 16 10
g7|29 10 5 2 0 1 3 7 13 19 12
g7|29 10 5 2 0 1 3 6 12 19 13
g7|28 9 4 2 0 1 3 7 13 19 12

#gn7HCCCSSCCCCN|GraphID|L
g7|28 9 4 2 0 1 3 6 12 19 21
g7|31 13 7 3 1 0 2 5 10 16 20
g7|31 13 7 3 1 0 2 4 9 16 20
g7|30 12 6 3 1 0 2 5 10 16 20
g7|30 12 6 3 1 0 2 4 9 16 20
g7|29 10 5 2 0 1 3 7 13 19 21
g7|29 10 5 2 0 1 3 6 12 19 21
g7|28 9 4 2 0 1 3 7 13 19 21

#gn7HCCCSSCCCH|GraphID|L
g7|28 9 4 2 0 1 3 6 12 30
g7|31 13 7 3 1 0 2 5 10 29
g7|31 13 7 3 1 0 2 4 9 28
g7|30 12 6 3 1 0 2 5 10 29
g7|30 12 6 3 1 0 2 4 9 28
g7|29 10 5 2 0 1 3 7 13 31
g7|29 10 5 2 0 1 3 6 12 30
g7|28 9 4 2 0 1 3 7 13 31

#gn7HCCCSSCCH|GraphID|L
g7|28 9 4 2 0 1 3 7 27
g7|31 13 7 3 1 0 2 5 26
g7|30 12 6 3 1 0 2 5 26
g7|29 10 5 2 0 1 3 7 27

#gn7HCCCCCCN|GraphID|L
g7|28 9 4 2 5 10 16 20
g7|31 13 7 3 6 12 19 21
g7|30 12 19 13 7 3 6 11
g7|30 12 6 3 7 13 19 21
g7|29 10 5 2 4 9 16 20
g7|28 9 16 10 5 2 4 8

#gn7HCCCCCCNO|GraphID|L
g7|28 9 4 2 5 10 16 20 22
g7|31 13 7 3 6 12 19 21 25
g7|31 13 7 3 6 12 19 21 24
g7|30 12 19 13 7 3 6 11 18
g7|30 12 19 13 7 3 6 11 17
g7|30 12 6 3 7 13 19 21 25
g7|30 12 6 3 7 13 19 21 24
g7|29 10 5 2 4 9 16 20 23
g7|29 10 5 2 4 9 16 20 22
g7|28 9 16 10 5 2 4 8 15
g7|28 9 16 10 5 2 4 8 14
g7|28 9 4 2 5 10 16 20 23

#gn7HCCN|GraphID|L
g7|28 9 4 8
g7|31 13 19 21
g7|30 12 19 21
g7|30 12 6 11
g7|29 10 16 20
g7|28 9 16 20

#gn7HCCNO|GraphID|L
g7|28 9 4 8 14
g7|31 13 19 21 25
g7|31 13 19 21 24
g7|30 12 19 21 25
g7|30 12 19 21 24
g7|30 12 6 11 18
g7|30 12 6 11 17
g7|29 10 16 20 23
g7|29 10 16 20 22
g7|28 9 16 20 23
g7|28 9 16 20 22
g7|28 9 4 8 15

#gn7HCCCCCS|GraphID|L
g7|28 9 16 10 5 2 0
g7|31 13 19 12 6 3 1
g7|30 12 19 13 7 3 1
g7|29 10 16 9 4 2 0

#gn7HCCCCCSS|GraphID|L
g7|28 9 16 10 5 2 0 1
g7|31 13 19 12 6 3 1 0
g7|30 12 19 13 7 3 1 0
g7|29 10 16 9 4 2 0 1

#gn7HCCCCCSSCC|GraphID|L
g7|28 9 16 10 5 2 0 1 3 6
g7|31 13 19 12 6 3 1 0 2 5
g7|31 13 19 12 6 3 1 0 2 4
g7|30 12 19 13 7 3 1 0 2 5
g7|30 12 19 13 7 3 1 0 2 4
g7|29 10 16 9 4 2 0 1 3 7
g7|29 10 16 9 4 2 0 1 3 6
g7|28 9 16 10 5 2 0 1 3 7

#gn7HCCCCCSSCCN|GraphID|L
g7|28 9 16 10 5 2 0 1 3 6 11
g7|31 13 19 12 6 3 1 0 2 4 8
g7|30 12 19 13 7 3 1 0 2 4 8
g7|29 10 16 9 4 2 0 1 3 6 11

#gn7HCCCCCSSCCC|GraphID|L
g7|28 9 16 10 5 2 0 1 3 6 12
g7|31 13 19 12 6 3 1 0 2 5 10
g7|31 13 19 12 6 3 1 0 2 4 9
g7|30 12 19 13 7 3 1 0 2 5 10
g7|30 12 19 13 7 3 1 0 2 4 9
g7|29 10 16 9 4 2 0 1 3 7 13
g7|29 10 16 9 4 2 0 1 3 6 12
g7|28 9 16 10 5 2 0 1 3 7 13

#gn7HCCCCCSSCCH|GraphID|L
g7|28 9 16 10 5 2 0 1 3 7 27
g7|31 13 19 12 6 3 1 0 2 5 26
g7|30 12 19 13 7 3 1 0 2 5 26
g7|29 10 16 9 4 2 0 1 3 7 27

#gn7HCCCH|GraphID|L
g7|28 9 16 10 29
g7|31 13 19 12 30
g7|30 12 19 13 31
g7|29 10 16 9 28

#gn7HCCCCN|GraphID|L
g7|29 10 5 2 4 8
g7|31 13 19 12 6 11
g7|31 13 7 3 6 11
g7|29 10 16 9 4 8

#gn7HCCCCNO|GraphID|L
g7|29 10 5 2 4 8 14
g7|31 13 19 12 6 11 18
g7|31 13 19 12 6 11 17
g7|31 13 7 3 6 11 18
g7|31 13 7 3 6 11 17
g7|29 10 16 9 4 8 15
g7|29 10 16 9 4 8 14
g7|29 10 5 2 4 8 15