

#gn8S|GraphID|L
g8|0
g8|1

#gn8SS|GraphID|L
g8|0 1
g8|1 0

#gn8SSC|GraphID|L
g8|0 1 3
g8|1 0 2

#gn8SSCC|GraphID|L
g8|0 1 3 6
g8|1 0 2 5
g8|1 0 2 4
g8|0 1 3 7

#gn8SSCCN|GraphID|L
g8|0 1 3 6 11
g8|1 0 2 4 8

#gn8SSCCNO|GraphID|L
g8|0 1 3 6 11 17
g8|1 0 2 4 8 15
g8|1 0 2 4 8 14
g8|0 1 3 6 11 18

#gn8SSCCC|GraphID|L
g8|0 1 3 6 12
g8|1 0 2 5 10
g8|1 0 2 4 9
g8|0 1 3 7 13

#gn8NCCSSCCCCH|GraphID|L
g8|8 4 2 0 1 3 6 12 19 27
g8|11 6 3 1 0 2 5 10 16 26
g8|11 6 3 1 0 2 4 9 16 26
g8|8 4 2 0 1 3 7 13 19 27

#gn8SSCCCC|GraphID|L
g8|0 1 3 6 12 19
g8|1 0 2 5 10 16
g8|1 0 2 4 9 16
g8|0 1 3 7 13 19

#gn8SSCCCCC|GraphID|L
g8|0 1 3 6 12 19 13
g8|1 0 2 5 10 16 9
g8|1 0 2 4 9 16 10
g8|0 1 3 7 13 19 12

#gn8HCCCCSSCCH|GraphID|L
g8|26 16 9 4 2 0 1 3 7 21
g8|27 19 13 7 3 1 0 2 5 20
g8|27 19 12 6 3 1 0 2 5 20
g8|26 16 10 5 2 0 1 3 7 21

#gn8SSCCCCCC|GraphID|L
g8|0 1 3 6 12 19 13 7
g8|1 0 2 5 10 16 9 4
g8|1 0 2 4 9 16 10 5
g8|0 1 3 7 13 19 12 6

#gn8SSCCCCCCC|GraphID|L
g8|0 1 3 6 12 19 13 7 3
g8|1 0 2 5 10 16 9 4 2
g8|1 0 2 4 9 16 10 5 2
g8|0 1 3 7 13 19 12 6 3

#gn8SSCCCCCCH|GraphID|L
g8|0 1 3 6 12 19 13 7 21
g8|1 0 2 4 9 16 10 5 20

#gn8SSCCCCCH|GraphID|L
g8|0 1 3 6 12 19 13 25
g8|1 0 2 5 10 16 9 22
g8|1 0 2 4 9 16 10 23
g8|0 1 3 7 13 19 12 24

#gn8SSCCCCH|GraphID|L
g8|0 1 3 6 12 19 27
g8|1 0 2 5 10 16 26
g8|1 0 2 4 9 16 26
g8|0 1 3 7 13 19 27

#gn8SSCCCH|GraphID|L
g8|0 1 3 6 12 24
g8|1 0 2 5 10 23
g8|1 0 2 4 9 22
g8|0 1 3 7 13 25

#gn8SSCCCCCCN|GraphID|L
g8|0 1 3 7 13 19 12 6 11
g8|1 0 2 5 10 16 9 4 8

#gn8SSCCCCCCNO|GraphID|L
g8|0 1 3 7 13 19 12 6 11 17
g8|1 0 2 5 10 16 9 4 8 15
g8|1 0 2 5 10 16 9 4 8 14
g8|0 1 3 7 13 19 12 6 11 18

#gn8SSCCH|GraphID|L
g8|0 1 3 7 21
g8|1 0 2 5 20

#gn8CCCCCNO|GraphID|L
g8|5 10 16 9 4 8 14
g8|19 13 7 3 6 11 18
g8|19 13 7 3 6 11 17
g8|16 10 5 2 4 8 15
g8|16 10 5 2 4 8 14
g8|7 13 19 12 6 11 18
g8|7 13 19 12 6 11 17
g8|5 10 16 9 4 8 15

#gn8N|GraphID|L
g8|8
g8|11

#gn8SC|GraphID|L
g8|0 2
g8|1 3

#gn8SCC|GraphID|L
g8|0 2 4
g8|1 3 7
g8|1 3 6
g8|0 2 5

#gn8SCCN|GraphID|L
g8|0 2 4 8
g8|1 3 6 11

#gn8SCCNO|GraphID|L
g8|0 2 4 8 14
g8|1 3 6 11 18
g8|1 3 6 11 17
g8|0 2 4 8 15

#gn8SCCC|GraphID|L
g8|0 2 4 9
g8|1 3 7 13
g8|1 3 6 12
g8|0 2 5 10

#gn8SCCCC|GraphID|L
g8|0 2 4 9 16
g8|1 3 7 13 19
g8|1 3 6 12 19
g8|0 2 5 10 16

#gn8SCCCCC|GraphID|L
g8|0 2 4 9 16 10
g8|1 3 7 13 19 12
g8|1 3 6 12 19 13
g8|0 2 5 10 16 9

#gn8SCCCCCC|GraphID|L
g8|0 2 4 9 16 10 5
g8|1 3 7 13 19 12 6
g8|1 3 6 12 19 13 7
g8|0 2 5 10 16 9 4

#gn8NCCS|GraphID|L
g8|8 4 2 0
g8|11 6 3 1

#gn8SCCCCCCC|GraphID|L
g8|0 2 4 9 16 10 5 2
g8|1 3 7 13 19 12 6 3
g8|1 3 6 12 19 13 7 3
g8|0 2 5 10 16 9 4 2

#gn8SCCCCCCH|GraphID|L
g8|0 2 4 9 16 10 5 20
g8|1 3 6 12 19 13 7 21

#gn8SCCCCCH|GraphID|L
g8|0 2 4 9 16 10 23
g8|1 3 7 13 19 12 24
g8|1 3 6 12 19 13 25
g8|0 2 5 10 16 9 22

#gn8SCCCCH|GraphID|L
g8|0 2 4 9 16 26
g8|1 3 7 13 19 27
g8|1 3 6 12 19 27
g8|0 2 5 10 16 26

#gn8HCCCSSCC|GraphID|L
g8|22 9 4 2 0 1 3 6
g8|25 13 7 3 1 0 2 5
g8|25 13 7 3 1 0 2 4
g8|24 12 6 3 1 0 2 5
g8|24 12 6 3 1 0 2 4
g8|23 10 5 2 0 1 3 7
g8|23 10 5 2 0 1 3 6
g8|22 9 4 2 0 1 3 7

#gn8SCCCH|GraphID|L
g8|0 2 4 9 22
g8|1 3 7 13 25
g8|1 3 6 12 24
g8|0 2 5 10 23

#gn8SCCCCCCN|GraphID|L
g8|0 2 5 10 16 9 4 8
g8|1 3 7 13 19 12 6 11

#gn8SCCCCCCNO|GraphID|L
g8|0 2 5 10 16 9 4 8 14
g8|1 3 7 13 19 12 6 11 18
g8|1 3 7 13 19 12 6 11 17
g8|0 2 5 10 16 9 4 8 15

#gn8SCCH|GraphID|L
g8|0 2 5 20
g8|1 3 7 21

#gn8C|GraphID|L
g8|2
g8|19
g8|16
g8|13
g8|12
g8|10
g8|9
g8|7
g8|6
g8|5
g8|4
g8|3

#gn8CS|GraphID|L
g8|2 0
g8|3 1

#gn8NCCC|GraphID|L
g8|8 4 2 5
g8|11 6 12 19
g8|11 6 3 7
g8|8 4 9 16

#gn8CSS|GraphID|L
g8|2 0 1
g8|3 1 0

#gn8CSSC|GraphID|L
g8|2 0 1 3
g8|3 1 0 2

#gn8HCCCCCN|GraphID|L
g8|20 5 10 16 9 4 8
g8|27 19 13 7 3 6 11
g8|26 16 10 5 2 4 8
g8|21 7 13 19 12 6 11

#gn8CSSCC|GraphID|L
g8|2 0 1 3 6
g8|3 1 0 2 5
g8|3 1 0 2 4
g8|2 0 1 3 7

#gn8CSSCCN|GraphID|L
g8|2 0 1 3 6 11
g8|3 1 0 2 4 8

#gn8CSSCCNO|GraphID|L
g8|2 0 1 3 6 11 17
g8|3 1 0 2 4 8 15
g8|3 1 0 2 4 8 14
g8|2 0 1 3 6 11 18

#gn8CCCS|GraphID|L
g8|9 4 2 0
g8|13 7 3 1
g8|12 6 3 1
g8|10 5 2 0

#gn8CSSCCC|GraphID|L
g8|2 0 1 3 6 12
g8|3 1 0 2 5 10
g8|3 1 0 2 4 9
g8|2 0 1 3 7 13

#gn8CSSCCCC|GraphID|L
g8|2 0 1 3 6 12 19
g8|3 1 0 2 5 10 16
g8|3 1 0 2 4 9 16
g8|2 0 1 3 7 13 19

#gn8CCCSSCCCCH|GraphID|L
g8|9 4 2 0 1 3 6 12 19 27
g8|13 7 3 1 0 2 5 10 16 26
g8|13 7 3 1 0 2 4 9 16 26
g8|12 6 3 1 0 2 5 10 16 26
g8|12 6 3 1 0 2 4 9 16 26
g8|10 5 2 0 1 3 7 13 19 27
g8|10 5 2 0 1 3 6 12 19 27
g8|9 4 2 0 1 3 7 13 19 27

#gn8CSSCCCCC|GraphID|L
g8|2 0 1 3 6 12 19 13
g8|3 1 0 2 5 10 16 9
g8|3 1 0 2 4 9 16 10
g8|2 0 1 3 7 13 19 12

#gn8CSSCCCCCC|GraphID|L
g8|2 0 1 3 6 12 19 13 7
g8|3 1 0 2 5 10 16 9 4
g8|3 1 0 2 4 9 16 10 5
g8|2 0 1 3 7 13 19 12 6

#gn8CSSCCCCCCC|GraphID|L
g8|2 0 1 3 6 12 19 13 7 3
g8|3 1 0 2 5 10 16 9 4 2
g8|3 1 0 2 4 9 16 10 5 2
g8|2 0 1 3 7 13 19 12 6 3

#gn8CSSCCCCCCH|GraphID|L
g8|2 0 1 3 6 12 19 13 7 21
g8|3 1 0 2 4 9 16 10 5 20

#gn8CSSCCCCCH|GraphID|L
g8|2 0 1 3 6 12 19 13 25
g8|3 1 0 2 5 10 16 9 22
g8|3 1 0 2 4 9 16 10 23
g8|2 0 1 3 7 13 19 12 24

#gn8CSSCCCCH|GraphID|L
g8|2 0 1 3 6 12 19 27
g8|3 1 0 2 5 10 16 26
g8|3 1 0 2 4 9 16 26
g8|2 0 1 3 7 13 19 27

#gn8CSSCCCH|GraphID|L
g8|2 0 1 3 6 12 24
g8|3 1 0 2 5 10 23
g8|3 1 0 2 4 9 22
g8|2 0 1 3 7 13 25

#gn8CSSCCCCCCN|GraphID|L
g8|2 0 1 3 7 13 19 12 6 11
g8|3 1 0 2 5 10 16 9 4 8

#gn8CSSCCCCCCNO|GraphID|L
g8|2 0 1 3 7 13 19 12 6 11 17
g8|3 1 0 2 5 10 16 9 4 8 15
g8|3 1 0 2 5 10 16 9 4 8 14
g8|2 0 1 3 7 13 19 12 6 11 18

#gn8CSSCCH|GraphID|L
g8|2 0 1 3 7 21
g8|3 1 0 2 5 20

#gn8CC|GraphID|L
g8|2 4
g8|19 13
g8|19 12
g8|16 10
g8|16 9
g8|13 19
g8|13 7
g8|12 19
g8|12 6
g8|10 16
g8|10 5
g8|9 16
g8|9 4
g8|7 13
g8|7 3
g8|6 12
g8|6 3
g8|5 10
g8|5 2
g8|4 9
g8|4 2
g8|3 7
g8|3 6
g8|2 5

#gn8CCN|GraphID|L
g8|2 4 8
g8|12 6 11
g8|9 4 8
g8|3 6 11

#gn8CCNO|GraphID|L
g8|2 4 8 14
g8|12 6 11 18
g8|12 6 11 17
g8|9 4 8 15
g8|9 4 8 14
g8|3 6 11 18
g8|3 6 11 17
g8|2 4 8 15

#gn8CCC|GraphID|L
g8|2 4 9
g8|19 13 7
g8|19 12 6
g8|16 10 5
g8|16 9 4
g8|13 19 12
g8|13 7 3
g8|12 19 13
g8|12 6 3
g8|10 16 9
g8|10 5 2
g8|9 16 10
g8|9 4 2
g8|7 13 19
g8|7 3 6
g8|6 12 19
g8|6 3 7
g8|5 10 16
g8|5 2 4
g8|4 9 16
g8|4 2 5
g8|3 7 13
g8|3 6 12
g8|2 5 10

#gn8CCCC|GraphID|L
g8|2 4 9 16
g8|19 13 7 3
g8|19 12 6 3
g8|16 10 5 2
g8|16 9 4 2
g8|13 19 12 6
g8|13 7 3 6
g8|12 19 13 7
g8|12 6 3 7
g8|10 16 9 4
g8|10 5 2 4
g8|9 16 10 5
g8|9 4 2 5
g8|7 13 19 12
g8|7 3 6 12
g8|6 12 19 13
g8|6 3 7 13
g8|5 10 16 9
g8|5 2 4 9
g8|4 9 16 10
g8|4 2 5 10
g8|3 7 13 19
g8|3 6 12 19
g8|2 5 10 16

#gn8CCCCCCCN|GraphID|L
g8|4 2 5 10 16 9 4 8
g8|6 12 19 13 7 3 6 11
g8|6 3 7 13 19 12 6 11
g8|4 9 16 10 5 2 4 8

#gn8CCCCC|GraphID|L
g8|2 4 9 16 10
g8|19 13 7 3 6
g8|19 12 6 3 7
g8|16 10 5 2 4
g8|16 9 4 2 5
g8|13 19 12 6 3
g8|13 7 3 6 12
g8|12 19 13 7 3
g8|12 6 3 7 13
g8|10 16 9 4 2
g8|10 5 2 4 9
g8|9 16 10 5 2
g8|9 4 2 5 10
g8|7 13 19 12 6
g8|7 3 6 12 19
g8|6 12 19 13 7
g8|6 3 7 13 19
g8|5 10 16 9 4
g8|5 2 4 9 16
g8|4 9 16 10 5
g8|4 2 5 10 16
g8|3 7 13 19 12
g8|3 6 12 19 13
g8|2 5 10 16 9

#gn8CCCCCC|GraphID|L
g8|2 4 9 16 10 5
g8|19 13 7 3 6 12
g8|19 12 6 3 7 13
g8|16 10 5 2 4 9
g8|16 9 4 2 5 10
g8|13 19 12 6 3 7
g8|13 7 3 6 12 19
g8|12 19 13 7 3 6
g8|12 6 3 7 13 19
g8|10 16 9 4 2 5
g8|10 5 2 4 9 16
g8|9 16 10 5 2 4
g8|9 4 2 5 10 16
g8|7 13 19 12 6 3
g8|7 3 6 12 19 13
g8|6 12 19 13 7 3
g8|6 3 7 13 19 12
g8|5 10 16 9 4 2
g8|5 2 4 9 16 10
g8|4 9 16 10 5 2
g8|4 2 5 10 16 9
g8|3 7 13 19 12 6
g8|3 6 12 19 13 7
g8|2 5 10 16 9 4

#gn8CCCCCCC|GraphID|L
g8|2 4 9 16 10 5 2
g8|19 13 7 3 6 12 19
g8|19 12 6 3 7 13 19
g8|16 10 5 2 4 9 16
g8|16 9 4 2 5 10 16
g8|13 19 12 6 3 7 13
g8|13 7 3 6 12 19 13
g8|12 19 13 7 3 6 12
g8|12 6 3 7 13 19 12
g8|10 16 9 4 2 5 10
g8|10 5 2 4 9 16 10
g8|9 16 10 5 2 4 9
g8|9 4 2 5 10 16 9
g8|7 13 19 12 6 3 7
g8|7 3 6 12 19 13 7
g8|6 12 19 13 7 3 6
g8|6 3 7 13 19 12 6
g8|5 10 16 9 4 2 5
g8|5 2 4 9 16 10 5
g8|4 9 16 10 5 2 4
g8|4 2 5 10 16 9 4
g8|3 7 13 19 12 6 3
g8|3 6 12 19 13 7 3
g8|2 5 10 16 9 4 2

#gn8CCCCCCCS|GraphID|L
g8|2 4 9 16 10 5 2 0
g8|3 7 13 19 12 6 3 1
g8|3 6 12 19 13 7 3 1
g8|2 5 10 16 9 4 2 0

#gn8CCCH|GraphID|L
g8|2 4 9 22
g8|19 13 7 21
g8|16 10 5 20
g8|13 19 12 24
g8|12 19 13 25
g8|10 16 9 22
g8|9 16 10 23
g8|7 13 19 27
g8|6 12 19 27
g8|6 3 7 21
g8|5 10 16 26
g8|4 9 16 26
g8|4 2 5 20
g8|3 7 13 25
g8|3 6 12 24
g8|2 5 10 23

#gn8CCCCCCCSS|GraphID|L
g8|2 4 9 16 10 5 2 0 1
g8|3 7 13 19 12 6 3 1 0
g8|3 6 12 19 13 7 3 1 0
g8|2 5 10 16 9 4 2 0 1

#gn8CCCCCCCSSC|GraphID|L
g8|2 4 9 16 10 5 2 0 1 3
g8|3 7 13 19 12 6 3 1 0 2
g8|3 6 12 19 13 7 3 1 0 2
g8|2 5 10 16 9 4 2 0 1 3

#gn8CCCCCCCSSCC|GraphID|L
g8|2 4 9 16 10 5 2 0 1 3 6
g8|3 7 13 19 12 6 3 1 0 2 5
g8|3 7 13 19 12 6 3 1 0 2 4
g8|3 6 12 19 13 7 3 1 0 2 5
g8|3 6 12 19 13 7 3 1 0 2 4
g8|2 5 10 16 9 4 2 0 1 3 7
g8|2 5 10 16 9 4 2 0 1 3 6
g8|2 4 9 16 10 5 2 0 1 3 7

#gn8CCCCCCH|GraphID|L
g8|2 4 9 16 10 5 20
g8|19 13 7 3 6 12 24
g8|19 12 6 3 7 13 25
g8|16 10 5 2 4 9 22
g8|16 9 4 2 5 10 23
g8|13 19 12 6 3 7 21
g8|13 7 3 6 12 19 27
g8|12 6 3 7 13 19 27
g8|10 16 9 4 2 5 20
g8|10 5 2 4 9 16 26
g8|9 4 2 5 10 16 26
g8|7 3 6 12 19 13 25
g8|6 3 7 13 19 12 24
g8|5 2 4 9 16 10 23
g8|4 2 5 10 16 9 22
g8|3 6 12 19 13 7 21

#gn8CCCCCH|GraphID|L
g8|2 4 9 16 10 23
g8|19 12 6 3 7 21
g8|16 9 4 2 5 20
g8|13 7 3 6 12 24
g8|12 6 3 7 13 25
g8|10 5 2 4 9 22
g8|9 4 2 5 10 23
g8|7 3 6 12 19 27
g8|6 12 19 13 7 21
g8|6 3 7 13 19 27
g8|5 2 4 9 16 26
g8|4 9 16 10 5 20
g8|4 2 5 10 16 26
g8|3 7 13 19 12 24
g8|3 6 12 19 13 25
g8|2 5 10 16 9 22

#gn8CCCCH|GraphID|L
g8|2 4 9 16 26
g8|12 19 13 7 21
g8|12 6 3 7 21
g8|9 16 10 5 20
g8|9 4 2 5 20
g8|7 13 19 12 24
g8|7 3 6 12 24
g8|6 12 19 13 25
g8|6 3 7 13 25
g8|5 10 16 9 22
g8|5 2 4 9 22
g8|4 9 16 10 23
g8|4 2 5 10 23
g8|3 7 13 19 27
g8|3 6 12 19 27
g8|2 5 10 16 26

#gn8CCCCCCN|GraphID|L
g8|2 5 10 16 9 4 8
g8|12 19 13 7 3 6 11
g8|9 16 10 5 2 4 8
g8|3 7 13 19 12 6 11

#gn8HCCCCCSSC|GraphID|L
g8|22 9 16 10 5 2 0 1 3
g8|25 13 19 12 6 3 1 0 2
g8|24 12 19 13 7 3 1 0 2
g8|23 10 16 9 4 2 0 1 3

#gn8CCCCCCNO|GraphID|L
g8|2 5 10 16 9 4 8 14
g8|12 19 13 7 3 6 11 18
g8|12 19 13 7 3 6 11 17
g8|9 16 10 5 2 4 8 15
g8|9 16 10 5 2 4 8 14
g8|3 7 13 19 12 6 11 18
g8|3 7 13 19 12 6 11 17
g8|2 5 10 16 9 4 8 15

#gn8CCH|GraphID|L
g8|2 5 20
g8|19 13 25
g8|19 12 24
g8|16 10 23
g8|16 9 22
g8|13 19 27
g8|13 7 21
g8|12 19 27
g8|10 16 26
g8|10 5 20
g8|9 16 26
g8|7 13 25
g8|6 12 24
g8|5 10 23
g8|4 9 22
g8|3 7 21

#gn8CCS|GraphID|L
g8|4 2 0
g8|7 3 1
g8|6 3 1
g8|5 2 0

#gn8CCSS|GraphID|L
g8|4 2 0 1
g8|7 3 1 0
g8|6 3 1 0
g8|5 2 0 1

#gn8CCSSC|GraphID|L
g8|4 2 0 1 3
g8|7 3 1 0 2
g8|6 3 1 0 2
g8|5 2 0 1 3

#gn8CCSSCC|GraphID|L
g8|4 2 0 1 3 6
g8|7 3 1 0 2 5
g8|7 3 1 0 2 4
g8|6 3 1 0 2 5
g8|6 3 1 0 2 4
g8|5 2 0 1 3 7
g8|5 2 0 1 3 6
g8|4 2 0 1 3 7

#gn8CCSSCCN|GraphID|L
g8|4 2 0 1 3 6 11
g8|7 3 1 0 2 4 8
g8|6 3 1 0 2 4 8
g8|5 2 0 1 3 6 11

#gn8CCSSCCNO|GraphID|L
g8|4 2 0 1 3 6 11 17
g8|7 3 1 0 2 4 8 15
g8|7 3 1 0 2 4 8 14
g8|6 3 1 0 2 4 8 15
g8|6 3 1 0 2 4 8 14
g8|5 2 0 1 3 6 11 18
g8|5 2 0 1 3 6 11 17
g8|4 2 0 1 3 6 11 18

#gn8CCSSCCC|GraphID|L
g8|4 2 0 1 3 6 12
g8|7 3 1 0 2 5 10
g8|7 3 1 0 2 4 9
g8|6 3 1 0 2 5 10
g8|6 3 1 0 2 4 9
g8|5 2 0 1 3 7 13
g8|5 2 0 1 3 6 12
g8|4 2 0 1 3 7 13

#gn8CCSSCCCC|GraphID|L
g8|4 2 0 1 3 6 12 19
g8|7 3 1 0 2 5 10 16
g8|7 3 1 0 2 4 9 16
g8|6 3 1 0 2 5 10 16
g8|6 3 1 0 2 4 9 16
g8|5 2 0 1 3 7 13 19
g8|5 2 0 1 3 6 12 19
g8|4 2 0 1 3 7 13 19

#gn8CCSSCCCCC|GraphID|L
g8|4 2 0 1 3 6 12 19 13
g8|7 3 1 0 2 5 10 16 9
g8|7 3 1 0 2 4 9 16 10
g8|6 3 1 0 2 5 10 16 9
g8|6 3 1 0 2 4 9 16 10
g8|5 2 0 1 3 7 13 19 12
g8|5 2 0 1 3 6 12 19 13
g8|4 2 0 1 3 7 13 19 12

#gn8CCSSCCCCCC|GraphID|L
g8|4 2 0 1 3 6 12 19 13 7
g8|7 3 1 0 2 5 10 16 9 4
g8|7 3 1 0 2 4 9 16 10 5
g8|6 3 1 0 2 5 10 16 9 4
g8|6 3 1 0 2 4 9 16 10 5
g8|5 2 0 1 3 7 13 19 12 6
g8|5 2 0 1 3 6 12 19 13 7
g8|4 2 0 1 3 7 13 19 12 6

#gn8CCSSCCCCCCC|GraphID|L
g8|4 2 0 1 3 6 12 19 13 7 3
g8|7 3 1 0 2 5 10 16 9 4 2
g8|7 3 1 0 2 4 9 16 10 5 2
g8|6 3 1 0 2 5 10 16 9 4 2
g8|6 3 1 0 2 4 9 16 10 5 2
g8|5 2 0 1 3 7 13 19 12 6 3
g8|5 2 0 1 3 6 12 19 13 7 3
g8|4 2 0 1 3 7 13 19 12 6 3

#gn8CCSSCCCCCCH|GraphID|L
g8|4 2 0 1 3 6 12 19 13 7 21
g8|7 3 1 0 2 4 9 16 10 5 20
g8|6 3 1 0 2 4 9 16 10 5 20
g8|5 2 0 1 3 6 12 19 13 7 21

#gn8CCSSCCCCCH|GraphID|L
g8|4 2 0 1 3 6 12 19 13 25
g8|7 3 1 0 2 5 10 16 9 22
g8|7 3 1 0 2 4 9 16 10 23
g8|6 3 1 0 2 5 10 16 9 22
g8|6 3 1 0 2 4 9 16 10 23
g8|5 2 0 1 3 7 13 19 12 24
g8|5 2 0 1 3 6 12 19 13 25
g8|4 2 0 1 3 7 13 19 12 24

#gn8CCSSCCCCH|GraphID|L
g8|4 2 0 1 3 6 12 19 27
g8|7 3 1 0 2 5 10 16 26
g8|7 3 1 0 2 4 9 16 26
g8|6 3 1 0 2 5 10 16 26
g8|6 3 1 0 2 4 9 16 26
g8|5 2 0 1 3 7 13 19 27
g8|5 2 0 1 3 6 12 19 27
g8|4 2 0 1 3 7 13 19 27

#gn8CCSSCCCH|GraphID|L
g8|4 2 0 1 3 6 12 24
g8|7 3 1 0 2 5 10 23
g8|7 3 1 0 2 4 9 22
g8|6 3 1 0 2 5 10 23
g8|6 3 1 0 2 4 9 22
g8|5 2 0 1 3 7 13 25
g8|5 2 0 1 3 6 12 24
g8|4 2 0 1 3 7 13 25

#gn8CCSSCCCCCCN|GraphID|L
g8|4 2 0 1 3 7 13 19 12 6 11
g8|7 3 1 0 2 5 10 16 9 4 8
g8|6 3 1 0 2 5 10 16 9 4 8
g8|5 2 0 1 3 7 13 19 12 6 11

#gn8CCSSCCH|GraphID|L
g8|4 2 0 1 3 7 21
g8|7 3 1 0 2 5 20
g8|6 3 1 0 2 5 20
g8|5 2 0 1 3 7 21

#gn8CCCCCCCNO|GraphID|L
g8|4 2 5 10 16 9 4 8 14
g8|6 12 19 13 7 3 6 11 18
g8|6 12 19 13 7 3 6 11 17
g8|6 3 7 13 19 12 6 11 18
g8|6 3 7 13 19 12 6 11 17
g8|4 9 16 10 5 2 4 8 15
g8|4 9 16 10 5 2 4 8 14
g8|4 2 5 10 16 9 4 8 15

#gn8CN|GraphID|L
g8|4 8
g8|6 11

#gn8CNO|GraphID|L
g8|4 8 14
g8|6 11 18
g8|6 11 17
g8|4 8 15

#gn8CCCCCCS|GraphID|L
g8|4 9 16 10 5 2 0
g8|7 13 19 12 6 3 1
g8|6 12 19 13 7 3 1
g8|5 10 16 9 4 2 0

#gn8CCCCCCSS|GraphID|L
g8|4 9 16 10 5 2 0 1
g8|7 13 19 12 6 3 1 0
g8|6 12 19 13 7 3 1 0
g8|5 10 16 9 4 2 0 1

#gn8CCCCCCSSC|GraphID|L
g8|4 9 16 10 5 2 0 1 3
g8|7 13 19 12 6 3 1 0 2
g8|6 12 19 13 7 3 1 0 2
g8|5 10 16 9 4 2 0 1 3

#gn8CCCCCCSSCC|GraphID|L
g8|4 9 16 10 5 2 0 1 3 6
g8|7 13 19 12 6 3 1 0 2 5
g8|7 13 19 12 6 3 1 0 2 4
g8|6 12 19 13 7 3 1 0 2 5
g8|6 12 19 13 7 3 1 0 2 4
g8|5 10 16 9 4 2 0 1 3 7
g8|5 10 16 9 4 2 0 1 3 6
g8|4 9 16 10 5 2 0 1 3 7

#gn8CCCCCCSSCCN|GraphID|L
g8|4 9 16 10 5 2 0 1 3 6 11
g8|7 13 19 12 6 3 1 0 2 4 8
g8|6 12 19 13 7 3 1 0 2 4 8
g8|5 10 16 9 4 2 0 1 3 6 11

#gn8CCCCCCSSCCC|GraphID|L
g8|4 9 16 10 5 2 0 1 3 6 12
g8|7 13 19 12 6 3 1 0 2 5 10
g8|7 13 19 12 6 3 1 0 2 4 9
g8|6 12 19 13 7 3 1 0 2 5 10
g8|6 12 19 13 7 3 1 0 2 4 9
g8|5 10 16 9 4 2 0 1 3 7 13
g8|5 10 16 9 4 2 0 1 3 6 12
g8|4 9 16 10 5 2 0 1 3 7 13

#gn8CCCCCCSSCCH|GraphID|L
g8|4 9 16 10 5 2 0 1 3 7 21
g8|7 13 19 12 6 3 1 0 2 5 20
g8|6 12 19 13 7 3 1 0 2 5 20
g8|5 10 16 9 4 2 0 1 3 7 21

#gn8CCCN|GraphID|L
g8|5 2 4 8
g8|19 12 6 11
g8|16 9 4 8
g8|7 3 6 11

#gn8CCCNO|GraphID|L
g8|5 2 4 8 14
g8|19 12 6 11 18
g8|19 12 6 11 17
g8|16 9 4 8 15
g8|16 9 4 8 14
g8|7 3 6 11 18
g8|7 3 6 11 17
g8|5 2 4 8 15

#gn8CCCCCCCH|GraphID|L
g8|5 2 4 9 16 10 5 20
g8|19 13 7 3 6 12 19 27
g8|19 12 6 3 7 13 19 27
g8|16 10 5 2 4 9 16 26
g8|16 9 4 2 5 10 16 26
g8|13 19 12 6 3 7 13 25
g8|13 7 3 6 12 19 13 25
g8|12 19 13 7 3 6 12 24
g8|12 6 3 7 13 19 12 24
g8|10 16 9 4 2 5 10 23
g8|10 5 2 4 9 16 10 23
g8|9 16 10 5 2 4 9 22
g8|9 4 2 5 10 16 9 22
g8|7 13 19 12 6 3 7 21
g8|7 3 6 12 19 13 7 21
g8|5 10 16 9 4 2 5 20

#gn8HCCCCSSCCNO|GraphID|L
g8|26 16 9 4 2 0 1 3 6 11 17
g8|27 19 13 7 3 1 0 2 4 8 15
g8|27 19 13 7 3 1 0 2 4 8 14
g8|27 19 12 6 3 1 0 2 4 8 15
g8|27 19 12 6 3 1 0 2 4 8 14
g8|26 16 10 5 2 0 1 3 6 11 18
g8|26 16 10 5 2 0 1 3 6 11 17
g8|26 16 9 4 2 0 1 3 6 11 18

#gn8CCCCCN|GraphID|L
g8|5 10 16 9 4 8
g8|19 13 7 3 6 11
g8|16 10 5 2 4 8
g8|7 13 19 12 6 11

#gn8CH|GraphID|L
g8|5 20
g8|19 27
g8|16 26
g8|13 25
g8|12 24
g8|10 23
g8|9 22
g8|7 21

#gn8NC|GraphID|L
g8|8 4
g8|11 6

#gn8NCC|GraphID|L
g8|8 4 2
g8|11 6 12
g8|11 6 3
g8|8 4 9

#gn8NCCSS|GraphID|L
g8|8 4 2 0 1
g8|11 6 3 1 0

#gn8NCCSSC|GraphID|L
g8|8 4 2 0 1 3
g8|11 6 3 1 0 2

#gn8NCCSSCC|GraphID|L
g8|8 4 2 0 1 3 6
g8|11 6 3 1 0 2 5
g8|11 6 3 1 0 2 4
g8|8 4 2 0 1 3 7

#gn8NCCSSCCN|GraphID|L
g8|8 4 2 0 1 3 6 11
g8|11 6 3 1 0 2 4 8

#gn8NCCSSCCNO|GraphID|L
g8|8 4 2 0 1 3 6 11 17
g8|11 6 3 1 0 2 4 8 15
g8|11 6 3 1 0 2 4 8 14
g8|8 4 2 0 1 3 6 11 18

#gn8CCCCSSCCCCC|GraphID|L
g8|16 9 4 2 0 1 3 6 12 19 13
g8|19 13 7 3 1 0 2 5 10 16 9
g8|19 13 7 3 1 0 2 4 9 16 10
g8|19 12 6 3 1 0 2 5 10 16 9
g8|19 12 6 3 1 0 2 4 9 16 10
g8|16 10 5 2 0 1 3 7 13 19 12
g8|16 10 5 2 0 1 3 6 12 19 13
g8|16 9 4 2 0 1 3 7 13 19 12

#gn8NCCSSCCC|GraphID|L
g8|8 4 2 0 1 3 6 12
g8|11 6 3 1 0 2 5 10
g8|11 6 3 1 0 2 4 9
g8|8 4 2 0 1 3 7 13

#gn8NCCSSCCCC|GraphID|L
g8|8 4 2 0 1 3 6 12 19
g8|11 6 3 1 0 2 5 10 16
g8|11 6 3 1 0 2 4 9 16
g8|8 4 2 0 1 3 7 13 19

#gn8NCCSSCCCCC|GraphID|L
g8|8 4 2 0 1 3 6 12 19 13
g8|11 6 3 1 0 2 5 10 16 9
g8|11 6 3 1 0 2 4 9 16 10
g8|8 4 2 0 1 3 7 13 19 12

#gn8NCCSSCCCCCC|GraphID|L
g8|8 4 2 0 1 3 6 12 19 13 7
g8|11 6 3 1 0 2 5 10 16 9 4
g8|11 6 3 1 0 2 4 9 16 10 5
g8|8 4 2 0 1 3 7 13 19 12 6

#gn8NCCSSCCCCCH|GraphID|L
g8|8 4 2 0 1 3 6 12 19 13 25
g8|11 6 3 1 0 2 5 10 16 9 22
g8|11 6 3 1 0 2 4 9 16 10 23
g8|8 4 2 0 1 3 7 13 19 12 24

#gn8NCCSSCCCH|GraphID|L
g8|8 4 2 0 1 3 6 12 24
g8|11 6 3 1 0 2 5 10 23
g8|11 6 3 1 0 2 4 9 22
g8|8 4 2 0 1 3 7 13 25

#gn8NCCSSCCH|GraphID|L
g8|8 4 2 0 1 3 7 21
g8|11 6 3 1 0 2 5 20

#gn8NCCCC|GraphID|L
g8|8 4 2 5 10
g8|11 6 12 19 13
g8|11 6 3 7 13
g8|8 4 9 16 10

#gn8NCCCCC|GraphID|L
g8|8 4 2 5 10 16
g8|11 6 12 19 13 7
g8|11 6 3 7 13 19
g8|8 4 9 16 10 5

#gn8NCCCCCC|GraphID|L
g8|8 4 2 5 10 16 9
g8|11 6 12 19 13 7 3
g8|11 6 3 7 13 19 12
g8|8 4 9 16 10 5 2

#gn8NCCCCCCC|GraphID|L
g8|8 4 2 5 10 16 9 4
g8|11 6 12 19 13 7 3 6
g8|11 6 3 7 13 19 12 6
g8|8 4 9 16 10 5 2 4

#gn8HCCCCCH|GraphID|L
g8|20 5 2 4 9 16 26
g8|27 19 12 6 3 7 21
g8|26 16 9 4 2 5 20
g8|25 13 7 3 6 12 24
g8|24 12 6 3 7 13 25
g8|23 10 5 2 4 9 22
g8|22 9 4 2 5 10 23
g8|21 7 3 6 12 19 27

#gn8NCCCCCCH|GraphID|L
g8|8 4 2 5 10 16 9 22
g8|11 6 3 7 13 19 12 24

#gn8NCCCCCH|GraphID|L
g8|8 4 2 5 10 16 26
g8|11 6 12 19 13 7 21
g8|11 6 3 7 13 19 27
g8|8 4 9 16 10 5 20

#gn8NCCCCH|GraphID|L
g8|8 4 2 5 10 23
g8|11 6 12 19 13 25
g8|11 6 3 7 13 25
g8|8 4 9 16 10 23

#gn8NCCCH|GraphID|L
g8|8 4 2 5 20
g8|11 6 12 19 27
g8|11 6 3 7 21
g8|8 4 9 16 26

#gn8NCCCCCCS|GraphID|L
g8|8 4 9 16 10 5 2 0
g8|11 6 12 19 13 7 3 1

#gn8NCCCCCCSS|GraphID|L
g8|8 4 9 16 10 5 2 0 1
g8|11 6 12 19 13 7 3 1 0

#gn8NCCCCCCSSC|GraphID|L
g8|8 4 9 16 10 5 2 0 1 3
g8|11 6 12 19 13 7 3 1 0 2

#gn8NCCCCCCSSCC|GraphID|L
g8|8 4 9 16 10 5 2 0 1 3 6
g8|11 6 12 19 13 7 3 1 0 2 5
g8|11 6 12 19 13 7 3 1 0 2 4
g8|8 4 9 16 10 5 2 0 1 3 7

#gn8NCCH|GraphID|L
g8|8 4 9 22
g8|11 6 12 24

#gn8NO|GraphID|L
g8|8 14
g8|11 18
g8|11 17
g8|8 15

#gn8CCCSS|GraphID|L
g8|9 4 2 0 1
g8|13 7 3 1 0
g8|12 6 3 1 0
g8|10 5 2 0 1

#gn8CCCSSC|GraphID|L
g8|9 4 2 0 1 3
g8|13 7 3 1 0 2
g8|12 6 3 1 0 2
g8|10 5 2 0 1 3

#gn8CCCSSCC|GraphID|L
g8|9 4 2 0 1 3 6
g8|13 7 3 1 0 2 5
g8|13 7 3 1 0 2 4
g8|12 6 3 1 0 2 5
g8|12 6 3 1 0 2 4
g8|10 5 2 0 1 3 7
g8|10 5 2 0 1 3 6
g8|9 4 2 0 1 3 7

#gn8CCCSSCCN|GraphID|L
g8|9 4 2 0 1 3 6 11
g8|13 7 3 1 0 2 4 8
g8|12 6 3 1 0 2 4 8
g8|10 5 2 0 1 3 6 11

#gn8CCCSSCCNO|GraphID|L
g8|9 4 2 0 1 3 6 11 17
g8|13 7 3 1 0 2 4 8 15
g8|13 7 3 1 0 2 4 8 14
g8|12 6 3 1 0 2 4 8 15
g8|12 6 3 1 0 2 4 8 14
g8|10 5 2 0 1 3 6 11 18
g8|10 5 2 0 1 3 6 11 17
g8|9 4 2 0 1 3 6 11 18

#gn8HCCSSCCN|GraphID|L
g8|20 5 2 0 1 3 6 11
g8|21 7 3 1 0 2 4 8

#gn8CCCSSCCC|GraphID|L
g8|9 4 2 0 1 3 6 12
g8|13 7 3 1 0 2 5 10
g8|13 7 3 1 0 2 4 9
g8|12 6 3 1 0 2 5 10
g8|12 6 3 1 0 2 4 9
g8|10 5 2 0 1 3 7 13
g8|10 5 2 0 1 3 6 12
g8|9 4 2 0 1 3 7 13

#gn8CCCSSCCCC|GraphID|L
g8|9 4 2 0 1 3 6 12 19
g8|13 7 3 1 0 2 5 10 16
g8|13 7 3 1 0 2 4 9 16
g8|12 6 3 1 0 2 5 10 16
g8|12 6 3 1 0 2 4 9 16
g8|10 5 2 0 1 3 7 13 19
g8|10 5 2 0 1 3 6 12 19
g8|9 4 2 0 1 3 7 13 19

#gn8CCCSSCCCCC|GraphID|L
g8|9 4 2 0 1 3 6 12 19 13
g8|13 7 3 1 0 2 5 10 16 9
g8|13 7 3 1 0 2 4 9 16 10
g8|12 6 3 1 0 2 5 10 16 9
g8|12 6 3 1 0 2 4 9 16 10
g8|10 5 2 0 1 3 7 13 19 12
g8|10 5 2 0 1 3 6 12 19 13
g8|9 4 2 0 1 3 7 13 19 12

#gn8CCCSSCCCCCC|GraphID|L
g8|9 4 2 0 1 3 6 12 19 13 7
g8|13 7 3 1 0 2 5 10 16 9 4
g8|13 7 3 1 0 2 4 9 16 10 5
g8|12 6 3 1 0 2 5 10 16 9 4
g8|12 6 3 1 0 2 4 9 16 10 5
g8|10 5 2 0 1 3 7 13 19 12 6
g8|10 5 2 0 1 3 6 12 19 13 7
g8|9 4 2 0 1 3 7 13 19 12 6

#gn8CCCSSCCCCCH|GraphID|L
g8|9 4 2 0 1 3 6 12 19 13 25
g8|13 7 3 1 0 2 5 10 16 9 22
g8|13 7 3 1 0 2 4 9 16 10 23
g8|12 6 3 1 0 2 5 10 16 9 22
g8|12 6 3 1 0 2 4 9 16 10 23
g8|10 5 2 0 1 3 7 13 19 12 24
g8|10 5 2 0 1 3 6 12 19 13 25
g8|9 4 2 0 1 3 7 13 19 12 24

#gn8CCCSSCCCH|GraphID|L
g8|9 4 2 0 1 3 6 12 24
g8|13 7 3 1 0 2 5 10 23
g8|13 7 3 1 0 2 4 9 22
g8|12 6 3 1 0 2 5 10 23
g8|12 6 3 1 0 2 4 9 22
g8|10 5 2 0 1 3 7 13 25
g8|10 5 2 0 1 3 6 12 24
g8|9 4 2 0 1 3 7 13 25

#gn8CCCSSCCH|GraphID|L
g8|9 4 2 0 1 3 7 21
g8|13 7 3 1 0 2 5 20
g8|12 6 3 1 0 2 5 20
g8|10 5 2 0 1 3 7 21

#gn8CCCCCS|GraphID|L
g8|9 16 10 5 2 0
g8|13 19 12 6 3 1
g8|12 19 13 7 3 1
g8|10 16 9 4 2 0

#gn8CCCCCSS|GraphID|L
g8|9 16 10 5 2 0 1
g8|13 19 12 6 3 1 0
g8|12 19 13 7 3 1 0
g8|10 16 9 4 2 0 1

#gn8HCCCCC|GraphID|L
g8|20 5 2 4 9 16
g8|27 19 13 7 3 6
g8|27 19 12 6 3 7
g8|26 16 10 5 2 4
g8|26 16 9 4 2 5
g8|25 13 19 12 6 3
g8|25 13 7 3 6 12
g8|24 12 19 13 7 3
g8|24 12 6 3 7 13
g8|23 10 16 9 4 2
g8|23 10 5 2 4 9
g8|22 9 16 10 5 2
g8|22 9 4 2 5 10
g8|21 7 13 19 12 6
g8|21 7 3 6 12 19
g8|20 5 10 16 9 4

#gn8CCCCCSSC|GraphID|L
g8|9 16 10 5 2 0 1 3
g8|13 19 12 6 3 1 0 2
g8|12 19 13 7 3 1 0 2
g8|10 16 9 4 2 0 1 3

#gn8HCCCCCC|GraphID|L
g8|20 5 2 4 9 16 10
g8|27 19 13 7 3 6 12
g8|27 19 12 6 3 7 13
g8|26 16 10 5 2 4 9
g8|26 16 9 4 2 5 10
g8|25 13 19 12 6 3 7
g8|25 13 7 3 6 12 19
g8|24 12 19 13 7 3 6
g8|24 12 6 3 7 13 19
g8|23 10 16 9 4 2 5
g8|23 10 5 2 4 9 16
g8|22 9 16 10 5 2 4
g8|22 9 4 2 5 10 16
g8|21 7 13 19 12 6 3
g8|21 7 3 6 12 19 13
g8|20 5 10 16 9 4 2

#gn8CCCCCSSCC|GraphID|L
g8|9 16 10 5 2 0 1 3 6
g8|13 19 12 6 3 1 0 2 5
g8|13 19 12 6 3 1 0 2 4
g8|12 19 13 7 3 1 0 2 5
g8|12 19 13 7 3 1 0 2 4
g8|10 16 9 4 2 0 1 3 7
g8|10 16 9 4 2 0 1 3 6
g8|9 16 10 5 2 0 1 3 7

#gn8HCCCCCCC|GraphID|L
g8|20 5 2 4 9 16 10 5
g8|27 19 13 7 3 6 12 19
g8|27 19 12 6 3 7 13 19
g8|26 16 10 5 2 4 9 16
g8|26 16 9 4 2 5 10 16
g8|25 13 19 12 6 3 7 13
g8|25 13 7 3 6 12 19 13
g8|24 12 19 13 7 3 6 12
g8|24 12 6 3 7 13 19 12
g8|23 10 16 9 4 2 5 10
g8|23 10 5 2 4 9 16 10
g8|22 9 16 10 5 2 4 9
g8|22 9 4 2 5 10 16 9
g8|21 7 13 19 12 6 3 7
g8|21 7 3 6 12 19 13 7
g8|20 5 10 16 9 4 2 5

#gn8CCCCCSSCCN|GraphID|L
g8|9 16 10 5 2 0 1 3 6 11
g8|13 19 12 6 3 1 0 2 4 8
g8|12 19 13 7 3 1 0 2 4 8
g8|10 16 9 4 2 0 1 3 6 11

#gn8CCCCCSSCCNO|GraphID|L
g8|9 16 10 5 2 0 1 3 6 11 17
g8|13 19 12 6 3 1 0 2 4 8 15
g8|13 19 12 6 3 1 0 2 4 8 14
g8|12 19 13 7 3 1 0 2 4 8 15
g8|12 19 13 7 3 1 0 2 4 8 14
g8|10 16 9 4 2 0 1 3 6 11 18
g8|10 16 9 4 2 0 1 3 6 11 17
g8|9 16 10 5 2 0 1 3 6 11 18

#gn8CCCCCSSCCC|GraphID|L
g8|9 16 10 5 2 0 1 3 6 12
g8|13 19 12 6 3 1 0 2 5 10
g8|13 19 12 6 3 1 0 2 4 9
g8|12 19 13 7 3 1 0 2 5 10
g8|12 19 13 7 3 1 0 2 4 9
g8|10 16 9 4 2 0 1 3 7 13
g8|10 16 9 4 2 0 1 3 6 12
g8|9 16 10 5 2 0 1 3 7 13

#gn8CCCCCSSCCCC|GraphID|L
g8|9 16 10 5 2 0 1 3 6 12 19
g8|13 19 12 6 3 1 0 2 5 10 16
g8|13 19 12 6 3 1 0 2 4 9 16
g8|12 19 13 7 3 1 0 2 5 10 16
g8|12 19 13 7 3 1 0 2 4 9 16
g8|10 16 9 4 2 0 1 3 7 13 19
g8|10 16 9 4 2 0 1 3 6 12 19
g8|9 16 10 5 2 0 1 3 7 13 19

#gn8CCCCCSSCCCH|GraphID|L
g8|9 16 10 5 2 0 1 3 6 12 24
g8|13 19 12 6 3 1 0 2 5 10 23
g8|13 19 12 6 3 1 0 2 4 9 22
g8|12 19 13 7 3 1 0 2 5 10 23
g8|12 19 13 7 3 1 0 2 4 9 22
g8|10 16 9 4 2 0 1 3 7 13 25
g8|10 16 9 4 2 0 1 3 6 12 24
g8|9 16 10 5 2 0 1 3 7 13 25

#gn8CCCCCSSCCH|GraphID|L
g8|9 16 10 5 2 0 1 3 7 21
g8|13 19 12 6 3 1 0 2 5 20
g8|12 19 13 7 3 1 0 2 5 20
g8|10 16 9 4 2 0 1 3 7 21

#gn8CCCCN|GraphID|L
g8|10 5 2 4 8
g8|13 19 12 6 11
g8|13 7 3 6 11
g8|10 16 9 4 8

#gn8CCCCNO|GraphID|L
g8|10 5 2 4 8 14
g8|13 19 12 6 11 18
g8|13 19 12 6 11 17
g8|13 7 3 6 11 18
g8|13 7 3 6 11 17
g8|10 16 9 4 8 15
g8|10 16 9 4 8 14
g8|10 5 2 4 8 15

#gn8O|GraphID|L
g8|14
g8|18
g8|17
g8|15

#gn8ON|GraphID|L
g8|14 8
g8|18 11
g8|17 11
g8|15 8

#gn8ONC|GraphID|L
g8|14 8 4
g8|18 11 6
g8|17 11 6
g8|15 8 4

#gn8ONCC|GraphID|L
g8|14 8 4 2
g8|18 11 6 12
g8|18 11 6 3
g8|17 11 6 12
g8|17 11 6 3
g8|15 8 4 9
g8|15 8 4 2
g8|14 8 4 9

#gn8ONCCS|GraphID|L
g8|14 8 4 2 0
g8|18 11 6 3 1
g8|17 11 6 3 1
g8|15 8 4 2 0

#gn8ONCCSS|GraphID|L
g8|14 8 4 2 0 1
g8|18 11 6 3 1 0
g8|17 11 6 3 1 0
g8|15 8 4 2 0 1

#gn8ONCCSSC|GraphID|L
g8|14 8 4 2 0 1 3
g8|18 11 6 3 1 0 2
g8|17 11 6 3 1 0 2
g8|15 8 4 2 0 1 3

#gn8ONCCSSCC|GraphID|L
g8|14 8 4 2 0 1 3 6
g8|18 11 6 3 1 0 2 5
g8|18 11 6 3 1 0 2 4
g8|17 11 6 3 1 0 2 5
g8|17 11 6 3 1 0 2 4
g8|15 8 4 2 0 1 3 7
g8|15 8 4 2 0 1 3 6
g8|14 8 4 2 0 1 3 7

#gn8ONCCSSCCN|GraphID|L
g8|14 8 4 2 0 1 3 6 11
g8|18 11 6 3 1 0 2 4 8
g8|17 11 6 3 1 0 2 4 8
g8|15 8 4 2 0 1 3 6 11

#gn8ONCCSSCCNO|GraphID|L
g8|14 8 4 2 0 1 3 6 11 17
g8|18 11 6 3 1 0 2 4 8 15
g8|18 11 6 3 1 0 2 4 8 14
g8|17 11 6 3 1 0 2 4 8 15
g8|17 11 6 3 1 0 2 4 8 14
g8|15 8 4 2 0 1 3 6 11 18
g8|15 8 4 2 0 1 3 6 11 17
g8|14 8 4 2 0 1 3 6 11 18

#gn8ONCCSSCCC|GraphID|L
g8|14 8 4 2 0 1 3 6 12
g8|18 11 6 3 1 0 2 5 10
g8|18 11 6 3 1 0 2 4 9
g8|17 11 6 3 1 0 2 5 10
g8|17 11 6 3 1 0 2 4 9
g8|15 8 4 2 0 1 3 7 13
g8|15 8 4 2 0 1 3 6 12
g8|14 8 4 2 0 1 3 7 13

#gn8ONCCSSCCCC|GraphID|L
g8|14 8 4 2 0 1 3 6 12 19
g8|18 11 6 3 1 0 2 5 10 16
g8|18 11 6 3 1 0 2 4 9 16
g8|17 11 6 3 1 0 2 5 10 16
g8|17 11 6 3 1 0 2 4 9 16
g8|15 8 4 2 0 1 3 7 13 19
g8|15 8 4 2 0 1 3 6 12 19
g8|14 8 4 2 0 1 3 7 13 19

#gn8ONCCSSCCCCC|GraphID|L
g8|14 8 4 2 0 1 3 6 12 19 13
g8|18 11 6 3 1 0 2 5 10 16 9
g8|18 11 6 3 1 0 2 4 9 16 10
g8|17 11 6 3 1 0 2 5 10 16 9
g8|17 11 6 3 1 0 2 4 9 16 10
g8|15 8 4 2 0 1 3 7 13 19 12
g8|15 8 4 2 0 1 3 6 12 19 13
g8|14 8 4 2 0 1 3 7 13 19 12

#gn8ONCCSSCCCCH|GraphID|L
g8|14 8 4 2 0 1 3 6 12 19 27
g8|18 11 6 3 1 0 2 5 10 16 26
g8|18 11 6 3 1 0 2 4 9 16 26
g8|17 11 6 3 1 0 2 5 10 16 26
g8|17 11 6 3 1 0 2 4 9 16 26
g8|15 8 4 2 0 1 3 7 13 19 27
g8|15 8 4 2 0 1 3 6 12 19 27
g8|14 8 4 2 0 1 3 7 13 19 27

#gn8ONCCSSCCCH|GraphID|L
g8|14 8 4 2 0 1 3 6 12 24
g8|18 11 6 3 1 0 2 5 10 23
g8|18 11 6 3 1 0 2 4 9 22
g8|17 11 6 3 1 0 2 5 10 23
g8|17 11 6 3 1 0 2 4 9 22
g8|15 8 4 2 0 1 3 7 13 25
g8|15 8 4 2 0 1 3 6 12 24
g8|14 8 4 2 0 1 3 7 13 25

#gn8ONCCSSCCH|GraphID|L
g8|14 8 4 2 0 1 3 7 21
g8|18 11 6 3 1 0 2 5 20
g8|17 11 6 3 1 0 2 5 20
g8|15 8 4 2 0 1 3 7 21

#gn8ONCCC|GraphID|L
g8|14 8 4 2 5
g8|18 11 6 12 19
g8|18 11 6 3 7
g8|17 11 6 12 19
g8|17 11 6 3 7
g8|15 8 4 9 16
g8|15 8 4 2 5
g8|14 8 4 9 16

#gn8ONCCCC|GraphID|L
g8|14 8 4 2 5 10
g8|18 11 6 12 19 13
g8|18 11 6 3 7 13
g8|17 11 6 12 19 13
g8|17 11 6 3 7 13
g8|15 8 4 9 16 10
g8|15 8 4 2 5 10
g8|14 8 4 9 16 10

#gn8ONCCCCC|GraphID|L
g8|14 8 4 2 5 10 16
g8|18 11 6 12 19 13 7
g8|18 11 6 3 7 13 19
g8|17 11 6 12 19 13 7
g8|17 11 6 3 7 13 19
g8|15 8 4 9 16 10 5
g8|15 8 4 2 5 10 16
g8|14 8 4 9 16 10 5

#gn8ONCCCCCC|GraphID|L
g8|14 8 4 2 5 10 16 9
g8|18 11 6 12 19 13 7 3
g8|18 11 6 3 7 13 19 12
g8|17 11 6 12 19 13 7 3
g8|17 11 6 3 7 13 19 12
g8|15 8 4 9 16 10 5 2
g8|15 8 4 2 5 10 16 9
g8|14 8 4 9 16 10 5 2

#gn8ONCCCCCCC|GraphID|L
g8|14 8 4 2 5 10 16 9 4
g8|18 11 6 12 19 13 7 3 6
g8|18 11 6 3 7 13 19 12 6
g8|17 11 6 12 19 13 7 3 6
g8|17 11 6 3 7 13 19 12 6
g8|15 8 4 9 16 10 5 2 4
g8|15 8 4 2 5 10 16 9 4
g8|14 8 4 9 16 10 5 2 4

#gn8ONCCCCCCH|GraphID|L
g8|14 8 4 2 5 10 16 9 22
g8|18 11 6 3 7 13 19 12 24
g8|17 11 6 3 7 13 19 12 24
g8|15 8 4 2 5 10 16 9 22

#gn8ONCCCCCH|GraphID|L
g8|14 8 4 2 5 10 16 26
g8|18 11 6 12 19 13 7 21
g8|18 11 6 3 7 13 19 27
g8|17 11 6 12 19 13 7 21
g8|17 11 6 3 7 13 19 27
g8|15 8 4 9 16 10 5 20
g8|15 8 4 2 5 10 16 26
g8|14 8 4 9 16 10 5 20

#gn8ONCCCCH|GraphID|L
g8|14 8 4 2 5 10 23
g8|18 11 6 12 19 13 25
g8|18 11 6 3 7 13 25
g8|17 11 6 12 19 13 25
g8|17 11 6 3 7 13 25
g8|15 8 4 9 16 10 23
g8|15 8 4 2 5 10 23
g8|14 8 4 9 16 10 23

#gn8ONCCCH|GraphID|L
g8|14 8 4 2 5 20
g8|18 11 6 12 19 27
g8|18 11 6 3 7 21
g8|17 11 6 12 19 27
g8|17 11 6 3 7 21
g8|15 8 4 9 16 26
g8|15 8 4 2 5 20
g8|14 8 4 9 16 26

#gn8ONCCCCCCS|GraphID|L
g8|14 8 4 9 16 10 5 2 0
g8|18 11 6 12 19 13 7 3 1
g8|17 11 6 12 19 13 7 3 1
g8|15 8 4 9 16 10 5 2 0

#gn8ONCCCCCCSS|GraphID|L
g8|14 8 4 9 16 10 5 2 0 1
g8|18 11 6 12 19 13 7 3 1 0
g8|17 11 6 12 19 13 7 3 1 0
g8|15 8 4 9 16 10 5 2 0 1

#gn8ONCCCCCCSSC|GraphID|L
g8|14 8 4 9 16 10 5 2 0 1 3
g8|18 11 6 12 19 13 7 3 1 0 2
g8|17 11 6 12 19 13 7 3 1 0 2
g8|15 8 4 9 16 10 5 2 0 1 3

#gn8ONCCH|GraphID|L
g8|14 8 4 9 22
g8|18 11 6 12 24
g8|17 11 6 12 24
g8|15 8 4 9 22

#gn8ONO|GraphID|L
g8|14 8 15
g8|18 11 17
g8|17 11 18
g8|15 8 14

#gn8CCCCS|GraphID|L
g8|16 9 4 2 0
g8|19 13 7 3 1
g8|19 12 6 3 1
g8|16 10 5 2 0

#gn8CCCCSS|GraphID|L
g8|16 9 4 2 0 1
g8|19 13 7 3 1 0
g8|19 12 6 3 1 0
g8|16 10 5 2 0 1

#gn8CCCCSSC|GraphID|L
g8|16 9 4 2 0 1 3
g8|19 13 7 3 1 0 2
g8|19 12 6 3 1 0 2
g8|16 10 5 2 0 1 3

#gn8CCCCSSCC|GraphID|L
g8|16 9 4 2 0 1 3 6
g8|19 13 7 3 1 0 2 5
g8|19 13 7 3 1 0 2 4
g8|19 12 6 3 1 0 2 5
g8|19 12 6 3 1 0 2 4
g8|16 10 5 2 0 1 3 7
g8|16 10 5 2 0 1 3 6
g8|16 9 4 2 0 1 3 7

#gn8CCCCSSCCN|GraphID|L
g8|16 9 4 2 0 1 3 6 11
g8|19 13 7 3 1 0 2 4 8
g8|19 12 6 3 1 0 2 4 8
g8|16 10 5 2 0 1 3 6 11

#gn8CCCCSSCCNO|GraphID|L
g8|16 9 4 2 0 1 3 6 11 17
g8|19 13 7 3 1 0 2 4 8 15
g8|19 13 7 3 1 0 2 4 8 14
g8|19 12 6 3 1 0 2 4 8 15
g8|19 12 6 3 1 0 2 4 8 14
g8|16 10 5 2 0 1 3 6 11 18
g8|16 10 5 2 0 1 3 6 11 17
g8|16 9 4 2 0 1 3 6 11 18

#gn8CCCCSSCCC|GraphID|L
g8|16 9 4 2 0 1 3 6 12
g8|19 13 7 3 1 0 2 5 10
g8|19 13 7 3 1 0 2 4 9
g8|19 12 6 3 1 0 2 5 10
g8|19 12 6 3 1 0 2 4 9
g8|16 10 5 2 0 1 3 7 13
g8|16 10 5 2 0 1 3 6 12
g8|16 9 4 2 0 1 3 7 13

#gn8CCCCSSCCCC|GraphID|L
g8|16 9 4 2 0 1 3 6 12 19
g8|19 13 7 3 1 0 2 5 10 16
g8|19 13 7 3 1 0 2 4 9 16
g8|19 12 6 3 1 0 2 5 10 16
g8|19 12 6 3 1 0 2 4 9 16
g8|16 10 5 2 0 1 3 7 13 19
g8|16 10 5 2 0 1 3 6 12 19
g8|16 9 4 2 0 1 3 7 13 19

#gn8CCCCSSCCCCH|GraphID|L
g8|16 9 4 2 0 1 3 6 12 19 27
g8|19 13 7 3 1 0 2 5 10 16 26
g8|19 13 7 3 1 0 2 4 9 16 26
g8|19 12 6 3 1 0 2 5 10 16 26
g8|19 12 6 3 1 0 2 4 9 16 26
g8|16 10 5 2 0 1 3 7 13 19 27
g8|16 10 5 2 0 1 3 6 12 19 27
g8|16 9 4 2 0 1 3 7 13 19 27

#gn8CCCCSSCCCH|GraphID|L
g8|16 9 4 2 0 1 3 6 12 24
g8|19 13 7 3 1 0 2 5 10 23
g8|19 13 7 3 1 0 2 4 9 22
g8|19 12 6 3 1 0 2 5 10 23
g8|19 12 6 3 1 0 2 4 9 22
g8|16 10 5 2 0 1 3 7 13 25
g8|16 10 5 2 0 1 3 6 12 24
g8|16 9 4 2 0 1 3 7 13 25

#gn8CCCCSSCCH|GraphID|L
g8|16 9 4 2 0 1 3 7 21
g8|19 13 7 3 1 0 2 5 20
g8|19 12 6 3 1 0 2 5 20
g8|16 10 5 2 0 1 3 7 21

#gn8H|GraphID|L
g8|20
g8|27
g8|26
g8|25
g8|24
g8|23
g8|22
g8|21

#gn8HC|GraphID|L
g8|20 5
g8|27 19
g8|26 16
g8|25 13
g8|24 12
g8|23 10
g8|22 9
g8|21 7

#gn8HCC|GraphID|L
g8|20 5 2
g8|27 19 13
g8|27 19 12
g8|26 16 10
g8|26 16 9
g8|25 13 19
g8|25 13 7
g8|24 12 19
g8|24 12 6
g8|23 10 16
g8|23 10 5
g8|22 9 16
g8|22 9 4
g8|21 7 13
g8|21 7 3
g8|20 5 10

#gn8HCCS|GraphID|L
g8|20 5 2 0
g8|21 7 3 1

#gn8HCCSS|GraphID|L
g8|20 5 2 0 1
g8|21 7 3 1 0

#gn8HCCSSC|GraphID|L
g8|20 5 2 0 1 3
g8|21 7 3 1 0 2

#gn8HCCSSCC|GraphID|L
g8|20 5 2 0 1 3 6
g8|21 7 3 1 0 2 5
g8|21 7 3 1 0 2 4
g8|20 5 2 0 1 3 7

#gn8HCCSSCCNO|GraphID|L
g8|20 5 2 0 1 3 6 11 17
g8|21 7 3 1 0 2 4 8 15
g8|21 7 3 1 0 2 4 8 14
g8|20 5 2 0 1 3 6 11 18

#gn8HCCSSCCC|GraphID|L
g8|20 5 2 0 1 3 6 12
g8|21 7 3 1 0 2 5 10
g8|21 7 3 1 0 2 4 9
g8|20 5 2 0 1 3 7 13

#gn8HCCSSCCCC|GraphID|L
g8|20 5 2 0 1 3 6 12 19
g8|21 7 3 1 0 2 5 10 16
g8|21 7 3 1 0 2 4 9 16
g8|20 5 2 0 1 3 7 13 19

#gn8HCCSSCCCCC|GraphID|L
g8|20 5 2 0 1 3 6 12 19 13
g8|21 7 3 1 0 2 5 10 16 9
g8|21 7 3 1 0 2 4 9 16 10
g8|20 5 2 0 1 3 7 13 19 12

#gn8HCCSSCCCCCC|GraphID|L
g8|20 5 2 0 1 3 6 12 19 13 7
g8|21 7 3 1 0 2 5 10 16 9 4
g8|21 7 3 1 0 2 4 9 16 10 5
g8|20 5 2 0 1 3 7 13 19 12 6

#gn8HCCSSCCCCCH|GraphID|L
g8|20 5 2 0 1 3 6 12 19 13 25
g8|21 7 3 1 0 2 5 10 16 9 22
g8|21 7 3 1 0 2 4 9 16 10 23
g8|20 5 2 0 1 3 7 13 19 12 24

#gn8HCCSSCCCCH|GraphID|L
g8|20 5 2 0 1 3 6 12 19 27
g8|21 7 3 1 0 2 5 10 16 26
g8|21 7 3 1 0 2 4 9 16 26
g8|20 5 2 0 1 3 7 13 19 27

#gn8HCCSSCCCH|GraphID|L
g8|20 5 2 0 1 3 6 12 24
g8|21 7 3 1 0 2 5 10 23
g8|21 7 3 1 0 2 4 9 22
g8|20 5 2 0 1 3 7 13 25

#gn8HCCSSCCH|GraphID|L
g8|20 5 2 0 1 3 7 21
g8|21 7 3 1 0 2 5 20

#gn8HCCC|GraphID|L
g8|20 5 2 4
g8|27 19 13 7
g8|27 19 12 6
g8|26 16 10 5
g8|26 16 9 4
g8|25 13 19 12
g8|25 13 7 3
g8|24 12 19 13
g8|24 12 6 3
g8|23 10 16 9
g8|23 10 5 2
g8|22 9 16 10
g8|22 9 4 2
g8|21 7 13 19
g8|21 7 3 6
g8|20 5 10 16

#gn8HCCCN|GraphID|L
g8|20 5 2 4 8
g8|27 19 12 6 11
g8|26 16 9 4 8
g8|21 7 3 6 11

#gn8HCCCNO|GraphID|L
g8|20 5 2 4 8 14
g8|27 19 12 6 11 18
g8|27 19 12 6 11 17
g8|26 16 9 4 8 15
g8|26 16 9 4 8 14
g8|21 7 3 6 11 18
g8|21 7 3 6 11 17
g8|20 5 2 4 8 15

#gn8HCCCC|GraphID|L
g8|20 5 2 4 9
g8|27 19 13 7 3
g8|27 19 12 6 3
g8|26 16 10 5 2
g8|26 16 9 4 2
g8|25 13 19 12 6
g8|25 13 7 3 6
g8|24 12 19 13 7
g8|24 12 6 3 7
g8|23 10 16 9 4
g8|23 10 5 2 4
g8|22 9 16 10 5
g8|22 9 4 2 5
g8|21 7 13 19 12
g8|21 7 3 6 12
g8|20 5 10 16 9

#gn8HCCCCCCH|GraphID|L
g8|20 5 2 4 9 16 10 23
g8|27 19 13 7 3 6 12 24
g8|27 19 12 6 3 7 13 25
g8|26 16 10 5 2 4 9 22
g8|26 16 9 4 2 5 10 23
g8|25 13 19 12 6 3 7 21
g8|25 13 7 3 6 12 19 27
g8|24 12 6 3 7 13 19 27
g8|23 10 16 9 4 2 5 20
g8|23 10 5 2 4 9 16 26
g8|22 9 4 2 5 10 16 26
g8|21 7 3 6 12 19 13 25

#gn8HCCCCH|GraphID|L
g8|20 5 2 4 9 22
g8|24 12 19 13 7 21
g8|24 12 6 3 7 21
g8|22 9 16 10 5 20
g8|22 9 4 2 5 20
g8|21 7 13 19 12 24
g8|21 7 3 6 12 24
g8|20 5 10 16 9 22

#gn8HCCCCCCS|GraphID|L
g8|20 5 10 16 9 4 2 0
g8|21 7 13 19 12 6 3 1

#gn8HCCCCCCSS|GraphID|L
g8|20 5 10 16 9 4 2 0 1
g8|21 7 13 19 12 6 3 1 0

#gn8HCCCCCCSSC|GraphID|L
g8|20 5 10 16 9 4 2 0 1 3
g8|21 7 13 19 12 6 3 1 0 2

#gn8HCCCCCCSSCC|GraphID|L
g8|20 5 10 16 9 4 2 0 1 3 6
g8|21 7 13 19 12 6 3 1 0 2 5
g8|21 7 13 19 12 6 3 1 0 2 4
g8|20 5 10 16 9 4 2 0 1 3 7

#gn8HCCCCCNO|GraphID|L
g8|20 5 10 16 9 4 8 14
g8|27 19 13 7 3 6 11 18
g8|27 19 13 7 3 6 11 17
g8|26 16 10 5 2 4 8 15
g8|26 16 10 5 2 4 8 14
g8|21 7 13 19 12 6 11 18
g8|21 7 13 19 12 6 11 17
g8|20 5 10 16 9 4 8 15

#gn8HCCCSSC|GraphID|L
g8|22 9 4 2 0 1 3
g8|25 13 7 3 1 0 2
g8|24 12 6 3 1 0 2
g8|23 10 5 2 0 1 3

#gn8HCCCH|GraphID|L
g8|20 5 10 16 26
g8|27 19 13 7 21
g8|26 16 10 5 20
g8|25 13 19 12 24
g8|24 12 19 13 25
g8|23 10 16 9 22
g8|22 9 16 10 23
g8|21 7 13 19 27

#gn8HCCH|GraphID|L
g8|20 5 10 23
g8|27 19 13 25
g8|27 19 12 24
g8|26 16 10 23
g8|26 16 9 22
g8|25 13 19 27
g8|25 13 7 21
g8|24 12 19 27
g8|23 10 16 26
g8|23 10 5 20
g8|22 9 16 26
g8|21 7 13 25

#gn8HCCCS|GraphID|L
g8|22 9 4 2 0
g8|25 13 7 3 1
g8|24 12 6 3 1
g8|23 10 5 2 0

#gn8HCCCSS|GraphID|L
g8|22 9 4 2 0 1
g8|25 13 7 3 1 0
g8|24 12 6 3 1 0
g8|23 10 5 2 0 1

#gn8HCCCSSCCN|GraphID|L
g8|22 9 4 2 0 1 3 6 11
g8|25 13 7 3 1 0 2 4 8
g8|24 12 6 3 1 0 2 4 8
g8|23 10 5 2 0 1 3 6 11

#gn8HCCCSSCCNO|GraphID|L
g8|22 9 4 2 0 1 3 6 11 17
g8|25 13 7 3 1 0 2 4 8 15
g8|25 13 7 3 1 0 2 4 8 14
g8|24 12 6 3 1 0 2 4 8 15
g8|24 12 6 3 1 0 2 4 8 14
g8|23 10 5 2 0 1 3 6 11 18
g8|23 10 5 2 0 1 3 6 11 17
g8|22 9 4 2 0 1 3 6 11 18

#gn8HCCCSSCCC|GraphID|L
g8|22 9 4 2 0 1 3 6 12
g8|25 13 7 3 1 0 2 5 10
g8|25 13 7 3 1 0 2 4 9
g8|24 12 6 3 1 0 2 5 10
g8|24 12 6 3 1 0 2 4 9
g8|23 10 5 2 0 1 3 7 13
g8|23 10 5 2 0 1 3 6 12
g8|22 9 4 2 0 1 3 7 13

#gn8HCCCSSCCCC|GraphID|L
g8|22 9 4 2 0 1 3 6 12 19
g8|25 13 7 3 1 0 2 5 10 16
g8|25 13 7 3 1 0 2 4 9 16
g8|24 12 6 3 1 0 2 5 10 16
g8|24 12 6 3 1 0 2 4 9 16
g8|23 10 5 2 0 1 3 7 13 19
g8|23 10 5 2 0 1 3 6 12 19
g8|22 9 4 2 0 1 3 7 13 19

#gn8HCCCSSCCCCC|GraphID|L
g8|22 9 4 2 0 1 3 6 12 19 13
g8|25 13 7 3 1 0 2 5 10 16 9
g8|25 13 7 3 1 0 2 4 9 16 10
g8|24 12 6 3 1 0 2 5 10 16 9
g8|24 12 6 3 1 0 2 4 9 16 10
g8|23 10 5 2 0 1 3 7 13 19 12
g8|23 10 5 2 0 1 3 6 12 19 13
g8|22 9 4 2 0 1 3 7 13 19 12

#gn8HCCCSSCCCCH|GraphID|L
g8|22 9 4 2 0 1 3 6 12 19 27
g8|25 13 7 3 1 0 2 5 10 16 26
g8|25 13 7 3 1 0 2 4 9 16 26
g8|24 12 6 3 1 0 2 5 10 16 26
g8|24 12 6 3 1 0 2 4 9 16 26
g8|23 10 5 2 0 1 3 7 13 19 27
g8|23 10 5 2 0 1 3 6 12 19 27
g8|22 9 4 2 0 1 3 7 13 19 27

#gn8HCCCSSCCCH|GraphID|L
g8|22 9 4 2 0 1 3 6 12 24
g8|25 13 7 3 1 0 2 5 10 23
g8|25 13 7 3 1 0 2 4 9 22
g8|24 12 6 3 1 0 2 5 10 23
g8|24 12 6 3 1 0 2 4 9 22
g8|23 10 5 2 0 1 3 7 13 25
g8|23 10 5 2 0 1 3 6 12 24
g8|22 9 4 2 0 1 3 7 13 25

#gn8HCCCSSCCH|GraphID|L
g8|22 9 4 2 0 1 3 7 21
g8|25 13 7 3 1 0 2 5 20
g8|24 12 6 3 1 0 2 5 20
g8|23 10 5 2 0 1 3 7 21

#gn8HCCN|GraphID|L
g8|22 9 4 8
g8|24 12 6 11

#gn8HCCNO|GraphID|L
g8|22 9 4 8 14
g8|24 12 6 11 18
g8|24 12 6 11 17
g8|22 9 4 8 15

#gn8HCCCCCS|GraphID|L
g8|22 9 16 10 5 2 0
g8|25 13 19 12 6 3 1
g8|24 12 19 13 7 3 1
g8|23 10 16 9 4 2 0

#gn8HCCCCCSS|GraphID|L
g8|22 9 16 10 5 2 0 1
g8|25 13 19 12 6 3 1 0
g8|24 12 19 13 7 3 1 0
g8|23 10 16 9 4 2 0 1

#gn8HCCCCCSSCC|GraphID|L
g8|22 9 16 10 5 2 0 1 3 6
g8|25 13 19 12 6 3 1 0 2 5
g8|25 13 19 12 6 3 1 0 2 4
g8|24 12 19 13 7 3 1 0 2 5
g8|24 12 19 13 7 3 1 0 2 4
g8|23 10 16 9 4 2 0 1 3 7
g8|23 10 16 9 4 2 0 1 3 6
g8|22 9 16 10 5 2 0 1 3 7

#gn8HCCCCCSSCCN|GraphID|L
g8|22 9 16 10 5 2 0 1 3 6 11
g8|25 13 19 12 6 3 1 0 2 4 8
g8|24 12 19 13 7 3 1 0 2 4 8
g8|23 10 16 9 4 2 0 1 3 6 11

#gn8HCCCCCSSCCC|GraphID|L
g8|22 9 16 10 5 2 0 1 3 6 12
g8|25 13 19 12 6 3 1 0 2 5 10
g8|25 13 19 12 6 3 1 0 2 4 9
g8|24 12 19 13 7 3 1 0 2 5 10
g8|24 12 19 13 7 3 1 0 2 4 9
g8|23 10 16 9 4 2 0 1 3 7 13
g8|23 10 16 9 4 2 0 1 3 6 12
g8|22 9 16 10 5 2 0 1 3 7 13

#gn8HCCCCCSSCCH|GraphID|L
g8|22 9 16 10 5 2 0 1 3 7 21
g8|25 13 19 12 6 3 1 0 2 5 20
g8|24 12 19 13 7 3 1 0 2 5 20
g8|23 10 16 9 4 2 0 1 3 7 21

#gn8HCCCCCCN|GraphID|L
g8|22 9 16 10 5 2 4 8
g8|24 12 19 13 7 3 6 11

#gn8HCCCCCCNO|GraphID|L
g8|22 9 16 10 5 2 4 8 14
g8|24 12 19 13 7 3 6 11 18
g8|24 12 19 13 7 3 6 11 17
g8|22 9 16 10 5 2 4 8 15

#gn8HCCCCN|GraphID|L
g8|23 10 5 2 4 8
g8|25 13 19 12 6 11
g8|25 13 7 3 6 11
g8|23 10 16 9 4 8

#gn8HCCCCNO|GraphID|L
g8|23 10 5 2 4 8 14
g8|25 13 19 12 6 11 18
g8|25 13 19 12 6 11 17
g8|25 13 7 3 6 11 18
g8|25 13 7 3 6 11 17
g8|23 10 16 9 4 8 15
g8|23 10 16 9 4 8 14
g8|23 10 5 2 4 8 15

#gn8HCCCCS|GraphID|L
g8|26 16 9 4 2 0
g8|27 19 13 7 3 1
g8|27 19 12 6 3 1
g8|26 16 10 5 2 0

#gn8HCCCCSS|GraphID|L
g8|26 16 9 4 2 0 1
g8|27 19 13 7 3 1 0
g8|27 19 12 6 3 1 0
g8|26 16 10 5 2 0 1

#gn8HCCCCSSC|GraphID|L
g8|26 16 9 4 2 0 1 3
g8|27 19 13 7 3 1 0 2
g8|27 19 12 6 3 1 0 2
g8|26 16 10 5 2 0 1 3

#gn8HCCCCSSCC|GraphID|L
g8|26 16 9 4 2 0 1 3 6
g8|27 19 13 7 3 1 0 2 5
g8|27 19 13 7 3 1 0 2 4
g8|27 19 12 6 3 1 0 2 5
g8|27 19 12 6 3 1 0 2 4
g8|26 16 10 5 2 0 1 3 7
g8|26 16 10 5 2 0 1 3 6
g8|26 16 9 4 2 0 1 3 7

#gn8HCCCCSSCCN|GraphID|L
g8|26 16 9 4 2 0 1 3 6 11
g8|27 19 13 7 3 1 0 2 4 8
g8|27 19 12 6 3 1 0 2 4 8
g8|26 16 10 5 2 0 1 3 6 11

#gn8HCCCCSSCCC|GraphID|L
g8|26 16 9 4 2 0 1 3 6 12
g8|27 19 13 7 3 1 0 2 5 10
g8|27 19 13 7 3 1 0 2 4 9
g8|27 19 12 6 3 1 0 2 5 10
g8|27 19 12 6 3 1 0 2 4 9
g8|26 16 10 5 2 0 1 3 7 13
g8|26 16 10 5 2 0 1 3 6 12
g8|26 16 9 4 2 0 1 3 7 13

#gn8HCCCCSSCCCC|GraphID|L
g8|26 16 9 4 2 0 1 3 6 12 19
g8|27 19 13 7 3 1 0 2 5 10 16
g8|27 19 13 7 3 1 0 2 4 9 16
g8|27 19 12 6 3 1 0 2 5 10 16
g8|27 19 12 6 3 1 0 2 4 9 16
g8|26 16 10 5 2 0 1 3 7 13 19
g8|26 16 10 5 2 0 1 3 6 12 19
g8|26 16 9 4 2 0 1 3 7 13 19

#gn8HCCCCSSCCCH|GraphID|L
g8|26 16 9 4 2 0 1 3 6 12 24
g8|27 19 13 7 3 1 0 2 5 10 23
g8|27 19 13 7 3 1 0 2 4 9 22
g8|27 19 12 6 3 1 0 2 5 10 23
g8|27 19 12 6 3 1 0 2 4 9 22
g8|26 16 10 5 2 0 1 3 7 13 25
g8|26 16 10 5 2 0 1 3 6 12 24
g8|26 16 9 4 2 0 1 3 7 13 25