

#gn9S|GraphID|L
g9|0
g9|1

#gn9SS|GraphID|L
g9|0 1
g9|1 0

#gn9SSC|GraphID|L
g9|0 1 3
g9|1 0 2

#gn9SSCC|GraphID|L
g9|0 1 3 6
g9|1 0 2 5
g9|1 0 2 4
g9|0 1 3 7

#gn9SSCCC|GraphID|L
g9|0 1 3 6 10
g9|1 0 2 5 9
g9|1 0 2 4 8
g9|0 1 3 7 11

#gn9SSCCCC|GraphID|L
g9|0 1 3 6 10 13
g9|1 0 2 5 9 12
g9|1 0 2 4 8 12
g9|0 1 3 7 11 13

#gn9SSCCCCC|GraphID|L
g9|0 1 3 6 10 13 11
g9|1 0 2 5 9 12 14
g9|1 0 2 5 9 12 8
g9|1 0 2 4 8 12 14
g9|1 0 2 4 8 12 9
g9|0 1 3 7 11 13 15
g9|0 1 3 7 11 13 10
g9|0 1 3 6 10 13 15

#gn9CCCCCCCCOH|GraphID|L
g9|8 4 2 5 9 12 14 16 19 34
g9|11 7 3 6 10 13 15 17 21 35
g9|10 6 3 7 11 13 15 17 21 35
g9|9 5 2 4 8 12 14 16 19 34

#gn9SSCCCCCC|GraphID|L
g9|0 1 3 6 10 13 11 7
g9|1 0 2 5 9 12 14 16
g9|1 0 2 5 9 12 8 4
g9|1 0 2 4 8 12 14 16
g9|1 0 2 4 8 12 9 5
g9|0 1 3 7 11 13 15 17
g9|0 1 3 7 11 13 10 6
g9|0 1 3 6 10 13 15 17

#gn9SSCCCCCCC|GraphID|L
g9|0 1 3 6 10 13 11 7 3
g9|1 0 2 5 9 12 8 4 2
g9|1 0 2 4 8 12 9 5 2
g9|0 1 3 7 11 13 10 6 3

#gn9SSCCCCCCH|GraphID|L
g9|0 1 3 6 10 13 11 7 25
g9|1 0 2 5 9 12 8 4 22
g9|1 0 2 4 8 12 9 5 23
g9|0 1 3 7 11 13 10 6 24

#gn9SSCCCCCH|GraphID|L
g9|0 1 3 6 10 13 11 29
g9|1 0 2 5 9 12 14 31
g9|1 0 2 5 9 12 14 30
g9|1 0 2 5 9 12 8 26
g9|1 0 2 4 8 12 14 31
g9|1 0 2 4 8 12 14 30
g9|1 0 2 4 8 12 9 27
g9|0 1 3 7 11 13 15 33
g9|0 1 3 7 11 13 15 32
g9|0 1 3 7 11 13 10 28
g9|0 1 3 6 10 13 15 33
g9|0 1 3 6 10 13 15 32

#gn9SSCCCCCCO|GraphID|L
g9|0 1 3 6 10 13 15 17 20
g9|1 0 2 5 9 12 14 16 19
g9|1 0 2 5 9 12 14 16 18
g9|1 0 2 4 8 12 14 16 19
g9|1 0 2 4 8 12 14 16 18
g9|0 1 3 7 11 13 15 17 21
g9|0 1 3 7 11 13 15 17 20
g9|0 1 3 6 10 13 15 17 21

#gn9SSCCCCCCOH|GraphID|L
g9|0 1 3 6 10 13 15 17 21 35
g9|1 0 2 5 9 12 14 16 19 34
g9|1 0 2 4 8 12 14 16 19 34
g9|0 1 3 7 11 13 15 17 21 35

#gn9HCCCCCCSSC|GraphID|L
g9|22 4 8 12 9 5 2 0 1 3
g9|25 7 11 13 10 6 3 1 0 2
g9|24 6 10 13 11 7 3 1 0 2
g9|23 5 9 12 8 4 2 0 1 3

#gn9SSCCCH|GraphID|L
g9|0 1 3 6 10 28
g9|1 0 2 5 9 27
g9|1 0 2 4 8 26
g9|0 1 3 7 11 29

#gn9SSCCH|GraphID|L
g9|0 1 3 6 24
g9|1 0 2 5 23
g9|1 0 2 4 22
g9|0 1 3 7 25

#gn9SC|GraphID|L
g9|0 2
g9|1 3

#gn9OCCCCCH|GraphID|L
g9|18 16 14 12 8 4 22
g9|21 17 15 13 11 7 25
g9|21 17 15 13 10 6 24
g9|20 17 15 13 11 7 25
g9|20 17 15 13 10 6 24
g9|19 16 14 12 9 5 23
g9|19 16 14 12 8 4 22
g9|18 16 14 12 9 5 23

#gn9SCC|GraphID|L
g9|0 2 4
g9|1 3 7
g9|1 3 6
g9|0 2 5

#gn9SCCC|GraphID|L
g9|0 2 4 8
g9|1 3 7 11
g9|1 3 6 10
g9|0 2 5 9

#gn9SCCCC|GraphID|L
g9|0 2 4 8 12
g9|1 3 7 11 13
g9|1 3 6 10 13
g9|0 2 5 9 12

#gn9SCCCCC|GraphID|L
g9|0 2 4 8 12 9
g9|1 3 7 11 13 15
g9|1 3 7 11 13 10
g9|1 3 6 10 13 15
g9|1 3 6 10 13 11
g9|0 2 5 9 12 14
g9|0 2 5 9 12 8
g9|0 2 4 8 12 14

#gn9SCCCCCC|GraphID|L
g9|0 2 4 8 12 9 5
g9|1 3 7 11 13 15 17
g9|1 3 7 11 13 10 6
g9|1 3 6 10 13 15 17
g9|1 3 6 10 13 11 7
g9|0 2 5 9 12 14 16
g9|0 2 5 9 12 8 4
g9|0 2 4 8 12 14 16

#gn9SCCCCCCC|GraphID|L
g9|0 2 4 8 12 9 5 2
g9|1 3 7 11 13 10 6 3
g9|1 3 6 10 13 11 7 3
g9|0 2 5 9 12 8 4 2

#gn9SCCCCCCH|GraphID|L
g9|0 2 4 8 12 9 5 23
g9|1 3 7 11 13 10 6 24
g9|1 3 6 10 13 11 7 25
g9|0 2 5 9 12 8 4 22

#gn9SCCCCCH|GraphID|L
g9|0 2 4 8 12 9 27
g9|1 3 7 11 13 15 33
g9|1 3 7 11 13 15 32
g9|1 3 7 11 13 10 28
g9|1 3 6 10 13 15 33
g9|1 3 6 10 13 15 32
g9|1 3 6 10 13 11 29
g9|0 2 5 9 12 14 31
g9|0 2 5 9 12 14 30
g9|0 2 5 9 12 8 26
g9|0 2 4 8 12 14 31
g9|0 2 4 8 12 14 30

#gn9SCCCCCCO|GraphID|L
g9|0 2 4 8 12 14 16 18
g9|1 3 7 11 13 15 17 21
g9|1 3 7 11 13 15 17 20
g9|1 3 6 10 13 15 17 21
g9|1 3 6 10 13 15 17 20
g9|0 2 5 9 12 14 16 19
g9|0 2 5 9 12 14 16 18
g9|0 2 4 8 12 14 16 19

#gn9CCCCCC|GraphID|L
g9|2 4 8 12 9 5
g9|17 15 13 11 7 3
g9|17 15 13 10 6 3
g9|16 14 12 9 5 2
g9|16 14 12 8 4 2
g9|15 13 11 7 3 6
g9|15 13 10 6 3 7
g9|14 12 9 5 2 4
g9|14 12 8 4 2 5
g9|13 11 7 3 6 10
g9|13 10 6 3 7 11
g9|12 9 5 2 4 8
g9|12 8 4 2 5 9
g9|11 13 10 6 3 7
g9|11 7 3 6 10 13
g9|10 13 11 7 3 6
g9|10 6 3 7 11 13
g9|9 12 8 4 2 5
g9|9 5 2 4 8 12
g9|8 12 9 5 2 4
g9|8 4 2 5 9 12
g9|7 11 13 10 6 3
g9|7 3 6 10 13 15
g9|7 3 6 10 13 11
g9|6 10 13 11 7 3
g9|6 3 7 11 13 15
g9|6 3 7 11 13 10
g9|5 9 12 8 4 2
g9|5 2 4 8 12 14
g9|5 2 4 8 12 9
g9|4 8 12 9 5 2
g9|4 2 5 9 12 14
g9|4 2 5 9 12 8
g9|3 7 11 13 15 17
g9|3 7 11 13 10 6
g9|3 6 10 13 15 17
g9|3 6 10 13 11 7
g9|2 5 9 12 14 16
g9|2 5 9 12 8 4
g9|2 4 8 12 14 16

#gn9SCCCCCCOH|GraphID|L
g9|0 2 4 8 12 14 16 19 34
g9|1 3 7 11 13 15 17 21 35
g9|1 3 6 10 13 15 17 21 35
g9|0 2 5 9 12 14 16 19 34

#gn9CCCCCCH|GraphID|L
g9|2 4 8 12 9 5 23
g9|15 13 11 7 3 6 24
g9|15 13 10 6 3 7 25
g9|14 12 9 5 2 4 22
g9|14 12 8 4 2 5 23
g9|13 11 7 3 6 10 28
g9|13 10 6 3 7 11 29
g9|12 9 5 2 4 8 26
g9|12 8 4 2 5 9 27
g9|11 13 10 6 3 7 25
g9|10 13 11 7 3 6 24
g9|9 12 8 4 2 5 23
g9|8 12 9 5 2 4 22
g9|7 3 6 10 13 15 33
g9|7 3 6 10 13 15 32
g9|7 3 6 10 13 11 29
g9|6 3 7 11 13 15 33
g9|6 3 7 11 13 15 32
g9|6 3 7 11 13 10 28
g9|5 2 4 8 12 14 31
g9|5 2 4 8 12 14 30
g9|5 2 4 8 12 9 27
g9|4 2 5 9 12 14 31
g9|4 2 5 9 12 14 30
g9|4 2 5 9 12 8 26
g9|3 7 11 13 10 6 24
g9|3 6 10 13 11 7 25
g9|2 5 9 12 8 4 22

#gn9SCCCH|GraphID|L
g9|0 2 4 8 26
g9|1 3 7 11 29
g9|1 3 6 10 28
g9|0 2 5 9 27

#gn9SCCH|GraphID|L
g9|0 2 4 22
g9|1 3 7 25
g9|1 3 6 24
g9|0 2 5 23

#gn9C|GraphID|L
g9|2
g9|17
g9|16
g9|15
g9|14
g9|13
g9|12
g9|11
g9|10
g9|9
g9|8
g9|7
g9|6
g9|5
g9|4
g9|3

#gn9CS|GraphID|L
g9|2 0
g9|3 1

#gn9CSS|GraphID|L
g9|2 0 1
g9|3 1 0

#gn9CSSC|GraphID|L
g9|2 0 1 3
g9|3 1 0 2

#gn9CSSCC|GraphID|L
g9|2 0 1 3 6
g9|3 1 0 2 5
g9|3 1 0 2 4
g9|2 0 1 3 7

#gn9CSSCCC|GraphID|L
g9|2 0 1 3 6 10
g9|3 1 0 2 5 9
g9|3 1 0 2 4 8
g9|2 0 1 3 7 11

#gn9CSSCCCC|GraphID|L
g9|2 0 1 3 6 10 13
g9|3 1 0 2 5 9 12
g9|3 1 0 2 4 8 12
g9|2 0 1 3 7 11 13

#gn9CSSCCCCC|GraphID|L
g9|2 0 1 3 6 10 13 11
g9|3 1 0 2 5 9 12 14
g9|3 1 0 2 5 9 12 8
g9|3 1 0 2 4 8 12 14
g9|3 1 0 2 4 8 12 9
g9|2 0 1 3 7 11 13 15
g9|2 0 1 3 7 11 13 10
g9|2 0 1 3 6 10 13 15

#gn9CSSCCCCCC|GraphID|L
g9|2 0 1 3 6 10 13 11 7
g9|3 1 0 2 5 9 12 14 16
g9|3 1 0 2 5 9 12 8 4
g9|3 1 0 2 4 8 12 14 16
g9|3 1 0 2 4 8 12 9 5
g9|2 0 1 3 7 11 13 15 17
g9|2 0 1 3 7 11 13 10 6
g9|2 0 1 3 6 10 13 15 17

#gn9CSSCCCCCCC|GraphID|L
g9|2 0 1 3 6 10 13 11 7 3
g9|3 1 0 2 5 9 12 8 4 2
g9|3 1 0 2 4 8 12 9 5 2
g9|2 0 1 3 7 11 13 10 6 3

#gn9COH|GraphID|L
g9|16 19 34
g9|17 21 35

#gn9CSSCCCCCCH|GraphID|L
g9|2 0 1 3 6 10 13 11 7 25
g9|3 1 0 2 5 9 12 8 4 22
g9|3 1 0 2 4 8 12 9 5 23
g9|2 0 1 3 7 11 13 10 6 24

#gn9CSSCCCCCH|GraphID|L
g9|2 0 1 3 6 10 13 11 29
g9|3 1 0 2 5 9 12 14 31
g9|3 1 0 2 5 9 12 14 30
g9|3 1 0 2 5 9 12 8 26
g9|3 1 0 2 4 8 12 14 31
g9|3 1 0 2 4 8 12 14 30
g9|3 1 0 2 4 8 12 9 27
g9|2 0 1 3 7 11 13 15 33
g9|2 0 1 3 7 11 13 15 32
g9|2 0 1 3 7 11 13 10 28
g9|2 0 1 3 6 10 13 15 33
g9|2 0 1 3 6 10 13 15 32

#gn9CSSCCCCCCO|GraphID|L
g9|2 0 1 3 6 10 13 15 17 20
g9|3 1 0 2 5 9 12 14 16 19
g9|3 1 0 2 5 9 12 14 16 18
g9|3 1 0 2 4 8 12 14 16 19
g9|3 1 0 2 4 8 12 14 16 18
g9|2 0 1 3 7 11 13 15 17 21
g9|2 0 1 3 7 11 13 15 17 20
g9|2 0 1 3 6 10 13 15 17 21

#gn9CSSCCCCCCOH|GraphID|L
g9|2 0 1 3 6 10 13 15 17 21 35
g9|3 1 0 2 5 9 12 14 16 19 34
g9|3 1 0 2 4 8 12 14 16 19 34
g9|2 0 1 3 7 11 13 15 17 21 35

#gn9CSSCCCH|GraphID|L
g9|2 0 1 3 6 10 28
g9|3 1 0 2 5 9 27
g9|3 1 0 2 4 8 26
g9|2 0 1 3 7 11 29

#gn9CSSCCH|GraphID|L
g9|2 0 1 3 6 24
g9|3 1 0 2 5 23
g9|3 1 0 2 4 22
g9|2 0 1 3 7 25

#gn9CC|GraphID|L
g9|2 4
g9|17 15
g9|16 14
g9|15 17
g9|15 13
g9|14 16
g9|14 12
g9|13 15
g9|13 11
g9|13 10
g9|12 14
g9|12 9
g9|12 8
g9|11 13
g9|11 7
g9|10 13
g9|10 6
g9|9 12
g9|9 5
g9|8 12
g9|8 4
g9|7 11
g9|7 3
g9|6 10
g9|6 3
g9|5 9
g9|5 2
g9|4 8
g9|4 2
g9|3 7
g9|3 6
g9|2 5

#gn9CCC|GraphID|L
g9|2 4 8
g9|17 15 13
g9|16 14 12
g9|15 13 11
g9|15 13 10
g9|14 12 9
g9|14 12 8
g9|13 15 17
g9|13 11 7
g9|13 10 6
g9|12 14 16
g9|12 9 5
g9|12 8 4
g9|11 13 15
g9|11 13 10
g9|11 7 3
g9|10 13 15
g9|10 13 11
g9|10 6 3
g9|9 12 14
g9|9 12 8
g9|9 5 2
g9|8 12 14
g9|8 12 9
g9|8 4 2
g9|7 11 13
g9|7 3 6
g9|6 10 13
g9|6 3 7
g9|5 9 12
g9|5 2 4
g9|4 8 12
g9|4 2 5
g9|3 7 11
g9|3 6 10
g9|2 5 9

#gn9CCCC|GraphID|L
g9|2 4 8 12
g9|17 15 13 11
g9|17 15 13 10
g9|16 14 12 9
g9|16 14 12 8
g9|15 13 11 7
g9|15 13 10 6
g9|14 12 9 5
g9|14 12 8 4
g9|13 11 7 3
g9|13 10 6 3
g9|12 9 5 2
g9|12 8 4 2
g9|11 13 15 17
g9|11 13 10 6
g9|11 7 3 6
g9|10 13 15 17
g9|10 13 11 7
g9|10 6 3 7
g9|9 12 14 16
g9|9 12 8 4
g9|9 5 2 4
g9|8 12 14 16
g9|8 12 9 5
g9|8 4 2 5
g9|7 11 13 15
g9|7 11 13 10
g9|7 3 6 10
g9|6 10 13 15
g9|6 10 13 11
g9|6 3 7 11
g9|5 9 12 14
g9|5 9 12 8
g9|5 2 4 8
g9|4 8 12 14
g9|4 8 12 9
g9|4 2 5 9
g9|3 7 11 13
g9|3 6 10 13
g9|2 5 9 12

#gn9CCCCC|GraphID|L
g9|2 4 8 12 9
g9|17 15 13 11 7
g9|17 15 13 10 6
g9|16 14 12 9 5
g9|16 14 12 8 4
g9|15 13 11 7 3
g9|15 13 10 6 3
g9|14 12 9 5 2
g9|14 12 8 4 2
g9|13 11 7 3 6
g9|13 10 6 3 7
g9|12 9 5 2 4
g9|12 8 4 2 5
g9|11 13 10 6 3
g9|11 7 3 6 10
g9|10 13 11 7 3
g9|10 6 3 7 11
g9|9 12 8 4 2
g9|9 5 2 4 8
g9|8 12 9 5 2
g9|8 4 2 5 9
g9|7 11 13 15 17
g9|7 11 13 10 6
g9|7 3 6 10 13
g9|6 10 13 15 17
g9|6 10 13 11 7
g9|6 3 7 11 13
g9|5 9 12 14 16
g9|5 9 12 8 4
g9|5 2 4 8 12
g9|4 8 12 14 16
g9|4 8 12 9 5
g9|4 2 5 9 12
g9|3 7 11 13 15
g9|3 7 11 13 10
g9|3 6 10 13 15
g9|3 6 10 13 11
g9|2 5 9 12 14
g9|2 5 9 12 8
g9|2 4 8 12 14

#gn9CCCCCCC|GraphID|L
g9|2 4 8 12 9 5 2
g9|17 15 13 11 7 3 6
g9|17 15 13 10 6 3 7
g9|16 14 12 9 5 2 4
g9|16 14 12 8 4 2 5
g9|15 13 11 7 3 6 10
g9|15 13 10 6 3 7 11
g9|14 12 9 5 2 4 8
g9|14 12 8 4 2 5 9
g9|13 11 7 3 6 10 13
g9|13 10 6 3 7 11 13
g9|12 9 5 2 4 8 12
g9|12 8 4 2 5 9 12
g9|11 13 10 6 3 7 11
g9|11 7 3 6 10 13 15
g9|11 7 3 6 10 13 11
g9|10 13 11 7 3 6 10
g9|10 6 3 7 11 13 15
g9|10 6 3 7 11 13 10
g9|9 12 8 4 2 5 9
g9|9 5 2 4 8 12 14
g9|9 5 2 4 8 12 9
g9|8 12 9 5 2 4 8
g9|8 4 2 5 9 12 14
g9|8 4 2 5 9 12 8
g9|7 11 13 10 6 3 7
g9|7 3 6 10 13 15 17
g9|7 3 6 10 13 11 7
g9|6 10 13 11 7 3 6
g9|6 3 7 11 13 15 17
g9|6 3 7 11 13 10 6
g9|5 9 12 8 4 2 5
g9|5 2 4 8 12 14 16
g9|5 2 4 8 12 9 5
g9|4 8 12 9 5 2 4
g9|4 2 5 9 12 14 16
g9|4 2 5 9 12 8 4
g9|3 7 11 13 10 6 3
g9|3 6 10 13 11 7 3
g9|2 5 9 12 8 4 2

#gn9CCCCCCCS|GraphID|L
g9|2 4 8 12 9 5 2 0
g9|3 7 11 13 10 6 3 1
g9|3 6 10 13 11 7 3 1
g9|2 5 9 12 8 4 2 0

#gn9CCCH|GraphID|L
g9|2 4 8 26
g9|15 13 11 29
g9|15 13 10 28
g9|14 12 9 27
g9|14 12 8 26
g9|13 11 7 25
g9|13 10 6 24
g9|12 9 5 23
g9|12 8 4 22
g9|11 13 15 33
g9|11 13 15 32
g9|11 13 10 28
g9|10 13 15 33
g9|10 13 15 32
g9|10 13 11 29
g9|9 12 14 31
g9|9 12 14 30
g9|9 12 8 26
g9|8 12 14 31
g9|8 12 14 30
g9|8 12 9 27
g9|7 3 6 24
g9|6 3 7 25
g9|5 2 4 22
g9|4 2 5 23
g9|3 7 11 29
g9|3 6 10 28
g9|2 5 9 27

#gn9CCCCCCCSS|GraphID|L
g9|2 4 8 12 9 5 2 0 1
g9|3 7 11 13 10 6 3 1 0
g9|3 6 10 13 11 7 3 1 0
g9|2 5 9 12 8 4 2 0 1

#gn9CCCCCCCSSC|GraphID|L
g9|2 4 8 12 9 5 2 0 1 3
g9|3 7 11 13 10 6 3 1 0 2
g9|3 6 10 13 11 7 3 1 0 2
g9|2 5 9 12 8 4 2 0 1 3

#gn9CCCCCCCSSCC|GraphID|L
g9|2 4 8 12 9 5 2 0 1 3 6
g9|3 7 11 13 10 6 3 1 0 2 5
g9|3 7 11 13 10 6 3 1 0 2 4
g9|3 6 10 13 11 7 3 1 0 2 5
g9|3 6 10 13 11 7 3 1 0 2 4
g9|2 5 9 12 8 4 2 0 1 3 7
g9|2 5 9 12 8 4 2 0 1 3 6
g9|2 4 8 12 9 5 2 0 1 3 7

#gn9CCCCCH|GraphID|L
g9|2 4 8 12 9 27
g9|17 15 13 11 7 25
g9|17 15 13 10 6 24
g9|16 14 12 9 5 23
g9|16 14 12 8 4 22
g9|13 11 7 3 6 24
g9|13 10 6 3 7 25
g9|12 9 5 2 4 22
g9|12 8 4 2 5 23
g9|11 7 3 6 10 28
g9|10 6 3 7 11 29
g9|9 5 2 4 8 26
g9|8 4 2 5 9 27
g9|7 11 13 10 6 24
g9|6 10 13 11 7 25
g9|5 9 12 8 4 22
g9|4 8 12 9 5 23
g9|3 7 11 13 15 33
g9|3 7 11 13 15 32
g9|3 7 11 13 10 28
g9|3 6 10 13 15 33
g9|3 6 10 13 15 32
g9|3 6 10 13 11 29
g9|2 5 9 12 14 31
g9|2 5 9 12 14 30
g9|2 5 9 12 8 26
g9|2 4 8 12 14 31
g9|2 4 8 12 14 30

#gn9CCCCCCO|GraphID|L
g9|2 4 8 12 14 16 18
g9|3 7 11 13 15 17 21
g9|3 7 11 13 15 17 20
g9|3 6 10 13 15 17 21
g9|3 6 10 13 15 17 20
g9|2 5 9 12 14 16 19
g9|2 5 9 12 14 16 18
g9|2 4 8 12 14 16 19

#gn9CCCCSSCCH|GraphID|L
g9|12 8 4 2 0 1 3 6 24
g9|13 11 7 3 1 0 2 5 23
g9|13 11 7 3 1 0 2 4 22
g9|13 10 6 3 1 0 2 5 23
g9|13 10 6 3 1 0 2 4 22
g9|12 9 5 2 0 1 3 7 25
g9|12 9 5 2 0 1 3 6 24
g9|12 8 4 2 0 1 3 7 25

#gn9CCCCCCOH|GraphID|L
g9|2 4 8 12 14 16 19 34
g9|3 7 11 13 15 17 21 35
g9|3 6 10 13 15 17 21 35
g9|2 5 9 12 14 16 19 34

#gn9CCH|GraphID|L
g9|2 4 22
g9|17 15 33
g9|17 15 32
g9|16 14 31
g9|16 14 30
g9|13 15 33
g9|13 15 32
g9|13 11 29
g9|13 10 28
g9|12 14 31
g9|12 14 30
g9|12 9 27
g9|12 8 26
g9|11 7 25
g9|10 6 24
g9|9 5 23
g9|8 4 22
g9|7 11 29
g9|6 10 28
g9|5 9 27
g9|4 8 26
g9|3 7 25
g9|3 6 24
g9|2 5 23

#gn9CCS|GraphID|L
g9|4 2 0
g9|7 3 1
g9|6 3 1
g9|5 2 0

#gn9CCSS|GraphID|L
g9|4 2 0 1
g9|7 3 1 0
g9|6 3 1 0
g9|5 2 0 1

#gn9CCSSC|GraphID|L
g9|4 2 0 1 3
g9|7 3 1 0 2
g9|6 3 1 0 2
g9|5 2 0 1 3

#gn9CCSSCC|GraphID|L
g9|4 2 0 1 3 6
g9|7 3 1 0 2 5
g9|7 3 1 0 2 4
g9|6 3 1 0 2 5
g9|6 3 1 0 2 4
g9|5 2 0 1 3 7
g9|5 2 0 1 3 6
g9|4 2 0 1 3 7

#gn9CCSSCCC|GraphID|L
g9|4 2 0 1 3 6 10
g9|7 3 1 0 2 5 9
g9|7 3 1 0 2 4 8
g9|6 3 1 0 2 5 9
g9|6 3 1 0 2 4 8
g9|5 2 0 1 3 7 11
g9|5 2 0 1 3 6 10
g9|4 2 0 1 3 7 11

#gn9CCSSCCCC|GraphID|L
g9|4 2 0 1 3 6 10 13
g9|7 3 1 0 2 5 9 12
g9|7 3 1 0 2 4 8 12
g9|6 3 1 0 2 5 9 12
g9|6 3 1 0 2 4 8 12
g9|5 2 0 1 3 7 11 13
g9|5 2 0 1 3 6 10 13
g9|4 2 0 1 3 7 11 13

#gn9CCSSCCCCC|GraphID|L
g9|4 2 0 1 3 6 10 13 11
g9|7 3 1 0 2 5 9 12 14
g9|7 3 1 0 2 5 9 12 8
g9|7 3 1 0 2 4 8 12 14
g9|7 3 1 0 2 4 8 12 9
g9|6 3 1 0 2 5 9 12 14
g9|6 3 1 0 2 5 9 12 8
g9|6 3 1 0 2 4 8 12 14
g9|6 3 1 0 2 4 8 12 9
g9|5 2 0 1 3 7 11 13 15
g9|5 2 0 1 3 7 11 13 10
g9|5 2 0 1 3 6 10 13 15
g9|5 2 0 1 3 6 10 13 11
g9|4 2 0 1 3 7 11 13 15
g9|4 2 0 1 3 7 11 13 10
g9|4 2 0 1 3 6 10 13 15

#gn9HCCCCCCCCO|GraphID|L
g9|26 8 4 2 5 9 12 14 16 18
g9|29 11 7 3 6 10 13 15 17 21
g9|29 11 7 3 6 10 13 15 17 20
g9|28 10 6 3 7 11 13 15 17 21
g9|28 10 6 3 7 11 13 15 17 20
g9|27 9 5 2 4 8 12 14 16 19
g9|27 9 5 2 4 8 12 14 16 18
g9|26 8 4 2 5 9 12 14 16 19

#gn9HCH|GraphID|L
g9|30 14 31
g9|33 15 32
g9|32 15 33
g9|31 14 30

#gn9CCSSCCCCCC|GraphID|L
g9|4 2 0 1 3 6 10 13 11 7
g9|7 3 1 0 2 5 9 12 14 16
g9|7 3 1 0 2 5 9 12 8 4
g9|7 3 1 0 2 4 8 12 14 16
g9|7 3 1 0 2 4 8 12 9 5
g9|6 3 1 0 2 5 9 12 14 16
g9|6 3 1 0 2 5 9 12 8 4
g9|6 3 1 0 2 4 8 12 14 16
g9|6 3 1 0 2 4 8 12 9 5
g9|5 2 0 1 3 7 11 13 15 17
g9|5 2 0 1 3 7 11 13 10 6
g9|5 2 0 1 3 6 10 13 15 17
g9|5 2 0 1 3 6 10 13 11 7
g9|4 2 0 1 3 7 11 13 15 17
g9|4 2 0 1 3 7 11 13 10 6
g9|4 2 0 1 3 6 10 13 15 17

#gn9CCSSCCCCCCC|GraphID|L
g9|4 2 0 1 3 6 10 13 11 7 3
g9|7 3 1 0 2 5 9 12 8 4 2
g9|7 3 1 0 2 4 8 12 9 5 2
g9|6 3 1 0 2 5 9 12 8 4 2
g9|6 3 1 0 2 4 8 12 9 5 2
g9|5 2 0 1 3 7 11 13 10 6 3
g9|5 2 0 1 3 6 10 13 11 7 3
g9|4 2 0 1 3 7 11 13 10 6 3

#gn9CCSSCCCCCCH|GraphID|L
g9|4 2 0 1 3 6 10 13 11 7 25
g9|7 3 1 0 2 5 9 12 8 4 22
g9|7 3 1 0 2 4 8 12 9 5 23
g9|6 3 1 0 2 5 9 12 8 4 22
g9|6 3 1 0 2 4 8 12 9 5 23
g9|5 2 0 1 3 7 11 13 10 6 24
g9|5 2 0 1 3 6 10 13 11 7 25
g9|4 2 0 1 3 7 11 13 10 6 24

#gn9CCSSCCCCCH|GraphID|L
g9|4 2 0 1 3 6 10 13 11 29
g9|7 3 1 0 2 5 9 12 14 31
g9|7 3 1 0 2 5 9 12 14 30
g9|7 3 1 0 2 5 9 12 8 26
g9|7 3 1 0 2 4 8 12 14 31
g9|7 3 1 0 2 4 8 12 14 30
g9|7 3 1 0 2 4 8 12 9 27
g9|6 3 1 0 2 5 9 12 14 31
g9|6 3 1 0 2 5 9 12 14 30
g9|6 3 1 0 2 5 9 12 8 26
g9|6 3 1 0 2 4 8 12 14 31
g9|6 3 1 0 2 4 8 12 14 30
g9|6 3 1 0 2 4 8 12 9 27
g9|5 2 0 1 3 7 11 13 15 33
g9|5 2 0 1 3 7 11 13 15 32
g9|5 2 0 1 3 7 11 13 10 28
g9|5 2 0 1 3 6 10 13 15 33
g9|5 2 0 1 3 6 10 13 15 32
g9|5 2 0 1 3 6 10 13 11 29
g9|4 2 0 1 3 7 11 13 15 33
g9|4 2 0 1 3 7 11 13 15 32
g9|4 2 0 1 3 7 11 13 10 28
g9|4 2 0 1 3 6 10 13 15 33
g9|4 2 0 1 3 6 10 13 15 32

#gn9HCCCCCCCCOH|GraphID|L
g9|26 8 4 2 5 9 12 14 16 19 34
g9|29 11 7 3 6 10 13 15 17 21 35
g9|28 10 6 3 7 11 13 15 17 21 35
g9|27 9 5 2 4 8 12 14 16 19 34

#gn9CCSSCCCCCCO|GraphID|L
g9|4 2 0 1 3 6 10 13 15 17 20
g9|7 3 1 0 2 5 9 12 14 16 19
g9|7 3 1 0 2 5 9 12 14 16 18
g9|7 3 1 0 2 4 8 12 14 16 19
g9|7 3 1 0 2 4 8 12 14 16 18
g9|6 3 1 0 2 5 9 12 14 16 19
g9|6 3 1 0 2 5 9 12 14 16 18
g9|6 3 1 0 2 4 8 12 14 16 19
g9|6 3 1 0 2 4 8 12 14 16 18
g9|5 2 0 1 3 7 11 13 15 17 21
g9|5 2 0 1 3 7 11 13 15 17 20
g9|5 2 0 1 3 6 10 13 15 17 21
g9|5 2 0 1 3 6 10 13 15 17 20
g9|4 2 0 1 3 7 11 13 15 17 21
g9|4 2 0 1 3 7 11 13 15 17 20
g9|4 2 0 1 3 6 10 13 15 17 21

#gn9CCSSCCCH|GraphID|L
g9|4 2 0 1 3 6 10 28
g9|7 3 1 0 2 5 9 27
g9|7 3 1 0 2 4 8 26
g9|6 3 1 0 2 5 9 27
g9|6 3 1 0 2 4 8 26
g9|5 2 0 1 3 7 11 29
g9|5 2 0 1 3 6 10 28
g9|4 2 0 1 3 7 11 29

#gn9CCSSCCH|GraphID|L
g9|4 2 0 1 3 6 24
g9|7 3 1 0 2 5 23
g9|7 3 1 0 2 4 22
g9|6 3 1 0 2 5 23
g9|6 3 1 0 2 4 22
g9|5 2 0 1 3 7 25
g9|5 2 0 1 3 6 24
g9|4 2 0 1 3 7 25

#gn9CCCCCCCH|GraphID|L
g9|4 2 5 9 12 8 4 22
g9|17 15 13 11 7 3 6 24
g9|17 15 13 10 6 3 7 25
g9|16 14 12 9 5 2 4 22
g9|16 14 12 8 4 2 5 23
g9|15 13 11 7 3 6 10 28
g9|15 13 10 6 3 7 11 29
g9|14 12 9 5 2 4 8 26
g9|14 12 8 4 2 5 9 27
g9|11 13 10 6 3 7 11 29
g9|11 7 3 6 10 13 15 33
g9|11 7 3 6 10 13 15 32
g9|11 7 3 6 10 13 11 29
g9|10 13 11 7 3 6 10 28
g9|10 6 3 7 11 13 15 33
g9|10 6 3 7 11 13 15 32
g9|10 6 3 7 11 13 10 28
g9|9 12 8 4 2 5 9 27
g9|9 5 2 4 8 12 14 31
g9|9 5 2 4 8 12 14 30
g9|9 5 2 4 8 12 9 27
g9|8 12 9 5 2 4 8 26
g9|8 4 2 5 9 12 14 31
g9|8 4 2 5 9 12 14 30
g9|8 4 2 5 9 12 8 26
g9|7 11 13 10 6 3 7 25
g9|7 3 6 10 13 11 7 25
g9|6 10 13 11 7 3 6 24
g9|6 3 7 11 13 10 6 24
g9|5 9 12 8 4 2 5 23
g9|5 2 4 8 12 9 5 23
g9|4 8 12 9 5 2 4 22

#gn9CCCCCCCO|GraphID|L
g9|4 2 5 9 12 14 16 18
g9|7 3 6 10 13 15 17 21
g9|7 3 6 10 13 15 17 20
g9|6 3 7 11 13 15 17 21
g9|6 3 7 11 13 15 17 20
g9|5 2 4 8 12 14 16 19
g9|5 2 4 8 12 14 16 18
g9|4 2 5 9 12 14 16 19

#gn9CCCCCCCOH|GraphID|L
g9|4 2 5 9 12 14 16 19 34
g9|7 3 6 10 13 15 17 21 35
g9|6 3 7 11 13 15 17 21 35
g9|5 2 4 8 12 14 16 19 34

#gn9CCCCH|GraphID|L
g9|4 2 5 9 27
g9|17 15 13 11 29
g9|17 15 13 10 28
g9|16 14 12 9 27
g9|16 14 12 8 26
g9|15 13 11 7 25
g9|15 13 10 6 24
g9|14 12 9 5 23
g9|14 12 8 4 22
g9|11 13 10 6 24
g9|11 7 3 6 24
g9|10 13 11 7 25
g9|10 6 3 7 25
g9|9 12 8 4 22
g9|9 5 2 4 22
g9|8 12 9 5 23
g9|8 4 2 5 23
g9|7 11 13 15 33
g9|7 11 13 15 32
g9|7 11 13 10 28
g9|7 3 6 10 28
g9|6 10 13 15 33
g9|6 10 13 15 32
g9|6 10 13 11 29
g9|6 3 7 11 29
g9|5 9 12 14 31
g9|5 9 12 14 30
g9|5 9 12 8 26
g9|5 2 4 8 26
g9|4 8 12 14 31
g9|4 8 12 14 30
g9|4 8 12 9 27

#gn9CCCCCCS|GraphID|L
g9|4 8 12 9 5 2 0
g9|17 15 13 11 7 3 1
g9|17 15 13 10 6 3 1
g9|16 14 12 9 5 2 0
g9|16 14 12 8 4 2 0
g9|7 11 13 10 6 3 1
g9|6 10 13 11 7 3 1
g9|5 9 12 8 4 2 0

#gn9CCCCCCSS|GraphID|L
g9|4 8 12 9 5 2 0 1
g9|17 15 13 11 7 3 1 0
g9|17 15 13 10 6 3 1 0
g9|16 14 12 9 5 2 0 1
g9|16 14 12 8 4 2 0 1
g9|7 11 13 10 6 3 1 0
g9|6 10 13 11 7 3 1 0
g9|5 9 12 8 4 2 0 1

#gn9CCCCCCSSC|GraphID|L
g9|4 8 12 9 5 2 0 1 3
g9|17 15 13 11 7 3 1 0 2
g9|17 15 13 10 6 3 1 0 2
g9|16 14 12 9 5 2 0 1 3
g9|16 14 12 8 4 2 0 1 3
g9|7 11 13 10 6 3 1 0 2
g9|6 10 13 11 7 3 1 0 2
g9|5 9 12 8 4 2 0 1 3

#gn9CCCCCCSSCC|GraphID|L
g9|4 8 12 9 5 2 0 1 3 6
g9|17 15 13 11 7 3 1 0 2 5
g9|17 15 13 11 7 3 1 0 2 4
g9|17 15 13 10 6 3 1 0 2 5
g9|17 15 13 10 6 3 1 0 2 4
g9|16 14 12 9 5 2 0 1 3 7
g9|16 14 12 9 5 2 0 1 3 6
g9|16 14 12 8 4 2 0 1 3 7
g9|16 14 12 8 4 2 0 1 3 6
g9|7 11 13 10 6 3 1 0 2 5
g9|7 11 13 10 6 3 1 0 2 4
g9|6 10 13 11 7 3 1 0 2 5
g9|6 10 13 11 7 3 1 0 2 4
g9|5 9 12 8 4 2 0 1 3 7
g9|5 9 12 8 4 2 0 1 3 6
g9|4 8 12 9 5 2 0 1 3 7

#gn9CCCCCCSSCCC|GraphID|L
g9|4 8 12 9 5 2 0 1 3 6 10
g9|17 15 13 11 7 3 1 0 2 5 9
g9|17 15 13 11 7 3 1 0 2 4 8
g9|17 15 13 10 6 3 1 0 2 5 9
g9|17 15 13 10 6 3 1 0 2 4 8
g9|16 14 12 9 5 2 0 1 3 7 11
g9|16 14 12 9 5 2 0 1 3 6 10
g9|16 14 12 8 4 2 0 1 3 7 11
g9|16 14 12 8 4 2 0 1 3 6 10
g9|7 11 13 10 6 3 1 0 2 5 9
g9|7 11 13 10 6 3 1 0 2 4 8
g9|6 10 13 11 7 3 1 0 2 5 9
g9|6 10 13 11 7 3 1 0 2 4 8
g9|5 9 12 8 4 2 0 1 3 7 11
g9|5 9 12 8 4 2 0 1 3 6 10
g9|4 8 12 9 5 2 0 1 3 7 11

#gn9CCCCCCSSCCH|GraphID|L
g9|4 8 12 9 5 2 0 1 3 6 24
g9|17 15 13 11 7 3 1 0 2 5 23
g9|17 15 13 11 7 3 1 0 2 4 22
g9|17 15 13 10 6 3 1 0 2 5 23
g9|17 15 13 10 6 3 1 0 2 4 22
g9|16 14 12 9 5 2 0 1 3 7 25
g9|16 14 12 9 5 2 0 1 3 6 24
g9|16 14 12 8 4 2 0 1 3 7 25
g9|16 14 12 8 4 2 0 1 3 6 24
g9|7 11 13 10 6 3 1 0 2 5 23
g9|7 11 13 10 6 3 1 0 2 4 22
g9|6 10 13 11 7 3 1 0 2 5 23
g9|6 10 13 11 7 3 1 0 2 4 22
g9|5 9 12 8 4 2 0 1 3 7 25
g9|5 9 12 8 4 2 0 1 3 6 24
g9|4 8 12 9 5 2 0 1 3 7 25

#gn9CCCCCO|GraphID|L
g9|4 8 12 14 16 18
g9|7 11 13 15 17 21
g9|7 11 13 15 17 20
g9|6 10 13 15 17 21
g9|6 10 13 15 17 20
g9|5 9 12 14 16 19
g9|5 9 12 14 16 18
g9|4 8 12 14 16 19

#gn9CCCCCOH|GraphID|L
g9|4 8 12 14 16 19 34
g9|7 11 13 15 17 21 35
g9|6 10 13 15 17 21 35
g9|5 9 12 14 16 19 34

#gn9CCCO|GraphID|L
g9|12 14 16 18
g9|13 15 17 21
g9|13 15 17 20
g9|12 14 16 19

#gn9CH|GraphID|L
g9|4 22
g9|15 33
g9|15 32
g9|14 31
g9|14 30
g9|11 29
g9|10 28
g9|9 27
g9|8 26
g9|7 25
g9|6 24
g9|5 23

#gn9CCCS|GraphID|L
g9|8 4 2 0
g9|11 7 3 1
g9|10 6 3 1
g9|9 5 2 0

#gn9CCCSS|GraphID|L
g9|8 4 2 0 1
g9|11 7 3 1 0
g9|10 6 3 1 0
g9|9 5 2 0 1

#gn9CCCSSC|GraphID|L
g9|8 4 2 0 1 3
g9|11 7 3 1 0 2
g9|10 6 3 1 0 2
g9|9 5 2 0 1 3

#gn9CCCSSCC|GraphID|L
g9|8 4 2 0 1 3 6
g9|11 7 3 1 0 2 5
g9|11 7 3 1 0 2 4
g9|10 6 3 1 0 2 5
g9|10 6 3 1 0 2 4
g9|9 5 2 0 1 3 7
g9|9 5 2 0 1 3 6
g9|8 4 2 0 1 3 7

#gn9CCCSSCCC|GraphID|L
g9|8 4 2 0 1 3 6 10
g9|11 7 3 1 0 2 5 9
g9|11 7 3 1 0 2 4 8
g9|10 6 3 1 0 2 5 9
g9|10 6 3 1 0 2 4 8
g9|9 5 2 0 1 3 7 11
g9|9 5 2 0 1 3 6 10
g9|8 4 2 0 1 3 7 11

#gn9CCCSSCCCC|GraphID|L
g9|8 4 2 0 1 3 6 10 13
g9|11 7 3 1 0 2 5 9 12
g9|11 7 3 1 0 2 4 8 12
g9|10 6 3 1 0 2 5 9 12
g9|10 6 3 1 0 2 4 8 12
g9|9 5 2 0 1 3 7 11 13
g9|9 5 2 0 1 3 6 10 13
g9|8 4 2 0 1 3 7 11 13

#gn9CCCSSCCCCC|GraphID|L
g9|8 4 2 0 1 3 6 10 13 11
g9|11 7 3 1 0 2 5 9 12 14
g9|11 7 3 1 0 2 5 9 12 8
g9|11 7 3 1 0 2 4 8 12 14
g9|11 7 3 1 0 2 4 8 12 9
g9|10 6 3 1 0 2 5 9 12 14
g9|10 6 3 1 0 2 5 9 12 8
g9|10 6 3 1 0 2 4 8 12 14
g9|10 6 3 1 0 2 4 8 12 9
g9|9 5 2 0 1 3 7 11 13 15
g9|9 5 2 0 1 3 7 11 13 10
g9|9 5 2 0 1 3 6 10 13 15
g9|9 5 2 0 1 3 6 10 13 11
g9|8 4 2 0 1 3 7 11 13 15
g9|8 4 2 0 1 3 7 11 13 10
g9|8 4 2 0 1 3 6 10 13 15

#gn9CCCSSCCCCCC|GraphID|L
g9|8 4 2 0 1 3 6 10 13 11 7
g9|11 7 3 1 0 2 5 9 12 14 16
g9|11 7 3 1 0 2 5 9 12 8 4
g9|11 7 3 1 0 2 4 8 12 14 16
g9|11 7 3 1 0 2 4 8 12 9 5
g9|10 6 3 1 0 2 5 9 12 14 16
g9|10 6 3 1 0 2 5 9 12 8 4
g9|10 6 3 1 0 2 4 8 12 14 16
g9|10 6 3 1 0 2 4 8 12 9 5
g9|9 5 2 0 1 3 7 11 13 15 17
g9|9 5 2 0 1 3 7 11 13 10 6
g9|9 5 2 0 1 3 6 10 13 15 17
g9|9 5 2 0 1 3 6 10 13 11 7
g9|8 4 2 0 1 3 7 11 13 15 17
g9|8 4 2 0 1 3 7 11 13 10 6
g9|8 4 2 0 1 3 6 10 13 15 17

#gn9CCCSSCCCCCH|GraphID|L
g9|8 4 2 0 1 3 6 10 13 11 29
g9|11 7 3 1 0 2 5 9 12 14 31
g9|11 7 3 1 0 2 5 9 12 14 30
g9|11 7 3 1 0 2 5 9 12 8 26
g9|11 7 3 1 0 2 4 8 12 14 31
g9|11 7 3 1 0 2 4 8 12 14 30
g9|11 7 3 1 0 2 4 8 12 9 27
g9|10 6 3 1 0 2 5 9 12 14 31
g9|10 6 3 1 0 2 5 9 12 14 30
g9|10 6 3 1 0 2 5 9 12 8 26
g9|10 6 3 1 0 2 4 8 12 14 31
g9|10 6 3 1 0 2 4 8 12 14 30
g9|10 6 3 1 0 2 4 8 12 9 27
g9|9 5 2 0 1 3 7 11 13 15 33
g9|9 5 2 0 1 3 7 11 13 15 32
g9|9 5 2 0 1 3 7 11 13 10 28
g9|9 5 2 0 1 3 6 10 13 15 33
g9|9 5 2 0 1 3 6 10 13 15 32
g9|9 5 2 0 1 3 6 10 13 11 29
g9|8 4 2 0 1 3 7 11 13 15 33
g9|8 4 2 0 1 3 7 11 13 15 32
g9|8 4 2 0 1 3 7 11 13 10 28
g9|8 4 2 0 1 3 6 10 13 15 33
g9|8 4 2 0 1 3 6 10 13 15 32

#gn9CCCSSCCCH|GraphID|L
g9|8 4 2 0 1 3 6 10 28
g9|11 7 3 1 0 2 5 9 27
g9|11 7 3 1 0 2 4 8 26
g9|10 6 3 1 0 2 5 9 27
g9|10 6 3 1 0 2 4 8 26
g9|9 5 2 0 1 3 7 11 29
g9|9 5 2 0 1 3 6 10 28
g9|8 4 2 0 1 3 7 11 29

#gn9CCCSSCCH|GraphID|L
g9|8 4 2 0 1 3 6 24
g9|11 7 3 1 0 2 5 23
g9|11 7 3 1 0 2 4 22
g9|10 6 3 1 0 2 5 23
g9|10 6 3 1 0 2 4 22
g9|9 5 2 0 1 3 7 25
g9|9 5 2 0 1 3 6 24
g9|8 4 2 0 1 3 7 25

#gn9CCCCCCCC|GraphID|L
g9|8 4 2 5 9 12 14 16
g9|17 15 13 11 7 3 6 10
g9|17 15 13 10 6 3 7 11
g9|16 14 12 9 5 2 4 8
g9|16 14 12 8 4 2 5 9
g9|15 13 11 7 3 6 10 13
g9|15 13 10 6 3 7 11 13
g9|14 12 9 5 2 4 8 12
g9|14 12 8 4 2 5 9 12
g9|13 11 7 3 6 10 13 15
g9|13 10 6 3 7 11 13 15
g9|12 9 5 2 4 8 12 14
g9|12 8 4 2 5 9 12 14
g9|11 7 3 6 10 13 15 17
g9|10 6 3 7 11 13 15 17
g9|9 5 2 4 8 12 14 16

#gn9CCCCCCCCO|GraphID|L
g9|8 4 2 5 9 12 14 16 18
g9|11 7 3 6 10 13 15 17 21
g9|11 7 3 6 10 13 15 17 20
g9|10 6 3 7 11 13 15 17 21
g9|10 6 3 7 11 13 15 17 20
g9|9 5 2 4 8 12 14 16 19
g9|9 5 2 4 8 12 14 16 18
g9|8 4 2 5 9 12 14 16 19

#gn9CCCCCS|GraphID|L
g9|8 12 9 5 2 0
g9|15 13 11 7 3 1
g9|15 13 10 6 3 1
g9|14 12 9 5 2 0
g9|14 12 8 4 2 0
g9|11 13 10 6 3 1
g9|10 13 11 7 3 1
g9|9 12 8 4 2 0

#gn9CCCCCSS|GraphID|L
g9|8 12 9 5 2 0 1
g9|15 13 11 7 3 1 0
g9|15 13 10 6 3 1 0
g9|14 12 9 5 2 0 1
g9|14 12 8 4 2 0 1
g9|11 13 10 6 3 1 0
g9|10 13 11 7 3 1 0
g9|9 12 8 4 2 0 1

#gn9HCCCCC|GraphID|L
g9|22 4 2 5 9 12
g9|33 15 13 11 7 3
g9|33 15 13 10 6 3
g9|32 15 13 11 7 3
g9|32 15 13 10 6 3
g9|31 14 12 9 5 2
g9|31 14 12 8 4 2
g9|30 14 12 9 5 2
g9|30 14 12 8 4 2
g9|29 11 13 10 6 3
g9|29 11 7 3 6 10
g9|28 10 13 11 7 3
g9|28 10 6 3 7 11
g9|27 9 12 8 4 2
g9|27 9 5 2 4 8
g9|26 8 12 9 5 2
g9|26 8 4 2 5 9
g9|25 7 11 13 15 17
g9|25 7 11 13 10 6
g9|25 7 3 6 10 13
g9|24 6 10 13 15 17
g9|24 6 10 13 11 7
g9|24 6 3 7 11 13
g9|23 5 9 12 14 16
g9|23 5 9 12 8 4
g9|23 5 2 4 8 12
g9|22 4 8 12 14 16
g9|22 4 8 12 9 5

#gn9CCCCCSSC|GraphID|L
g9|8 12 9 5 2 0 1 3
g9|15 13 11 7 3 1 0 2
g9|15 13 10 6 3 1 0 2
g9|14 12 9 5 2 0 1 3
g9|14 12 8 4 2 0 1 3
g9|11 13 10 6 3 1 0 2
g9|10 13 11 7 3 1 0 2
g9|9 12 8 4 2 0 1 3

#gn9HCCCCCC|GraphID|L
g9|22 4 2 5 9 12 8
g9|33 15 13 11 7 3 6
g9|33 15 13 10 6 3 7
g9|32 15 13 11 7 3 6
g9|32 15 13 10 6 3 7
g9|31 14 12 9 5 2 4
g9|31 14 12 8 4 2 5
g9|30 14 12 9 5 2 4
g9|30 14 12 8 4 2 5
g9|29 11 13 10 6 3 7
g9|29 11 7 3 6 10 13
g9|28 10 13 11 7 3 6
g9|28 10 6 3 7 11 13
g9|27 9 12 8 4 2 5
g9|27 9 5 2 4 8 12
g9|26 8 12 9 5 2 4
g9|26 8 4 2 5 9 12
g9|25 7 11 13 10 6 3
g9|25 7 3 6 10 13 15
g9|25 7 3 6 10 13 11
g9|24 6 10 13 11 7 3
g9|24 6 3 7 11 13 15
g9|24 6 3 7 11 13 10
g9|23 5 9 12 8 4 2
g9|23 5 2 4 8 12 14
g9|23 5 2 4 8 12 9
g9|22 4 8 12 9 5 2
g9|22 4 2 5 9 12 14

#gn9CCCCCSSCC|GraphID|L
g9|8 12 9 5 2 0 1 3 6
g9|15 13 11 7 3 1 0 2 5
g9|15 13 11 7 3 1 0 2 4
g9|15 13 10 6 3 1 0 2 5
g9|15 13 10 6 3 1 0 2 4
g9|14 12 9 5 2 0 1 3 7
g9|14 12 9 5 2 0 1 3 6
g9|14 12 8 4 2 0 1 3 7
g9|14 12 8 4 2 0 1 3 6
g9|11 13 10 6 3 1 0 2 5
g9|11 13 10 6 3 1 0 2 4
g9|10 13 11 7 3 1 0 2 5
g9|10 13 11 7 3 1 0 2 4
g9|9 12 8 4 2 0 1 3 7
g9|9 12 8 4 2 0 1 3 6
g9|8 12 9 5 2 0 1 3 7

#gn9HCCCCCCC|GraphID|L
g9|22 4 2 5 9 12 8 4
g9|33 15 13 11 7 3 6 10
g9|33 15 13 10 6 3 7 11
g9|32 15 13 11 7 3 6 10
g9|32 15 13 10 6 3 7 11
g9|31 14 12 9 5 2 4 8
g9|31 14 12 8 4 2 5 9
g9|30 14 12 9 5 2 4 8
g9|30 14 12 8 4 2 5 9
g9|29 11 13 10 6 3 7 11
g9|29 11 7 3 6 10 13 15
g9|29 11 7 3 6 10 13 11
g9|28 10 13 11 7 3 6 10
g9|28 10 6 3 7 11 13 15
g9|28 10 6 3 7 11 13 10
g9|27 9 12 8 4 2 5 9
g9|27 9 5 2 4 8 12 14
g9|27 9 5 2 4 8 12 9
g9|26 8 12 9 5 2 4 8
g9|26 8 4 2 5 9 12 14
g9|26 8 4 2 5 9 12 8
g9|25 7 11 13 10 6 3 7
g9|25 7 3 6 10 13 15 17
g9|25 7 3 6 10 13 11 7
g9|24 6 10 13 11 7 3 6
g9|24 6 3 7 11 13 15 17
g9|24 6 3 7 11 13 10 6
g9|23 5 9 12 8 4 2 5
g9|23 5 2 4 8 12 14 16
g9|23 5 2 4 8 12 9 5
g9|22 4 8 12 9 5 2 4
g9|22 4 2 5 9 12 14 16

#gn9CCCCCSSCCC|GraphID|L
g9|8 12 9 5 2 0 1 3 6 10
g9|15 13 11 7 3 1 0 2 5 9
g9|15 13 11 7 3 1 0 2 4 8
g9|15 13 10 6 3 1 0 2 5 9
g9|15 13 10 6 3 1 0 2 4 8
g9|14 12 9 5 2 0 1 3 7 11
g9|14 12 9 5 2 0 1 3 6 10
g9|14 12 8 4 2 0 1 3 7 11
g9|14 12 8 4 2 0 1 3 6 10
g9|11 13 10 6 3 1 0 2 5 9
g9|11 13 10 6 3 1 0 2 4 8
g9|10 13 11 7 3 1 0 2 5 9
g9|10 13 11 7 3 1 0 2 4 8
g9|9 12 8 4 2 0 1 3 7 11
g9|9 12 8 4 2 0 1 3 6 10
g9|8 12 9 5 2 0 1 3 7 11

#gn9HCCCCCCCC|GraphID|L
g9|26 8 4 2 5 9 12 14 16
g9|33 15 13 11 7 3 6 10 13
g9|33 15 13 10 6 3 7 11 13
g9|32 15 13 11 7 3 6 10 13
g9|32 15 13 10 6 3 7 11 13
g9|31 14 12 9 5 2 4 8 12
g9|31 14 12 8 4 2 5 9 12
g9|30 14 12 9 5 2 4 8 12
g9|30 14 12 8 4 2 5 9 12
g9|29 11 7 3 6 10 13 15 17
g9|28 10 6 3 7 11 13 15 17
g9|27 9 5 2 4 8 12 14 16

#gn9CCCCCSSCCCC|GraphID|L
g9|8 12 9 5 2 0 1 3 6 10 13
g9|15 13 11 7 3 1 0 2 5 9 12
g9|15 13 11 7 3 1 0 2 4 8 12
g9|15 13 10 6 3 1 0 2 5 9 12
g9|15 13 10 6 3 1 0 2 4 8 12
g9|14 12 9 5 2 0 1 3 7 11 13
g9|14 12 9 5 2 0 1 3 6 10 13
g9|14 12 8 4 2 0 1 3 7 11 13
g9|14 12 8 4 2 0 1 3 6 10 13
g9|11 13 10 6 3 1 0 2 5 9 12
g9|11 13 10 6 3 1 0 2 4 8 12
g9|10 13 11 7 3 1 0 2 5 9 12
g9|10 13 11 7 3 1 0 2 4 8 12
g9|9 12 8 4 2 0 1 3 7 11 13
g9|9 12 8 4 2 0 1 3 6 10 13
g9|8 12 9 5 2 0 1 3 7 11 13

#gn9CCCCCSSCCCH|GraphID|L
g9|8 12 9 5 2 0 1 3 6 10 28
g9|15 13 11 7 3 1 0 2 5 9 27
g9|15 13 11 7 3 1 0 2 4 8 26
g9|15 13 10 6 3 1 0 2 5 9 27
g9|15 13 10 6 3 1 0 2 4 8 26
g9|14 12 9 5 2 0 1 3 7 11 29
g9|14 12 9 5 2 0 1 3 6 10 28
g9|14 12 8 4 2 0 1 3 7 11 29
g9|14 12 8 4 2 0 1 3 6 10 28
g9|11 13 10 6 3 1 0 2 5 9 27
g9|11 13 10 6 3 1 0 2 4 8 26
g9|10 13 11 7 3 1 0 2 5 9 27
g9|10 13 11 7 3 1 0 2 4 8 26
g9|9 12 8 4 2 0 1 3 7 11 29
g9|9 12 8 4 2 0 1 3 6 10 28
g9|8 12 9 5 2 0 1 3 7 11 29

#gn9CCCCCSSCCH|GraphID|L
g9|8 12 9 5 2 0 1 3 6 24
g9|15 13 11 7 3 1 0 2 5 23
g9|15 13 11 7 3 1 0 2 4 22
g9|15 13 10 6 3 1 0 2 5 23
g9|15 13 10 6 3 1 0 2 4 22
g9|14 12 9 5 2 0 1 3 7 25
g9|14 12 9 5 2 0 1 3 6 24
g9|14 12 8 4 2 0 1 3 7 25
g9|14 12 8 4 2 0 1 3 6 24
g9|11 13 10 6 3 1 0 2 5 23
g9|11 13 10 6 3 1 0 2 4 22
g9|10 13 11 7 3 1 0 2 5 23
g9|10 13 11 7 3 1 0 2 4 22
g9|9 12 8 4 2 0 1 3 7 25
g9|9 12 8 4 2 0 1 3 6 24
g9|8 12 9 5 2 0 1 3 7 25

#gn9HCCCCCCCH|GraphID|L
g9|26 8 4 2 5 9 12 14 30
g9|33 15 13 11 7 3 6 10 28
g9|33 15 13 10 6 3 7 11 29
g9|32 15 13 11 7 3 6 10 28
g9|32 15 13 10 6 3 7 11 29
g9|31 14 12 9 5 2 4 8 26
g9|31 14 12 8 4 2 5 9 27
g9|30 14 12 9 5 2 4 8 26
g9|30 14 12 8 4 2 5 9 27
g9|29 11 7 3 6 10 13 15 33
g9|29 11 7 3 6 10 13 15 32
g9|28 10 6 3 7 11 13 15 33
g9|28 10 6 3 7 11 13 15 32
g9|27 9 5 2 4 8 12 14 31
g9|27 9 5 2 4 8 12 14 30
g9|26 8 4 2 5 9 12 14 31

#gn9CCCCO|GraphID|L
g9|8 12 14 16 18
g9|11 13 15 17 21
g9|11 13 15 17 20
g9|10 13 15 17 21
g9|10 13 15 17 20
g9|9 12 14 16 19
g9|9 12 14 16 18
g9|8 12 14 16 19

#gn9CCCCOH|GraphID|L
g9|8 12 14 16 19 34
g9|11 13 15 17 21 35
g9|10 13 15 17 21 35
g9|9 12 14 16 19 34

#gn9CCCCS|GraphID|L
g9|12 8 4 2 0
g9|13 11 7 3 1
g9|13 10 6 3 1
g9|12 9 5 2 0

#gn9CCCCSS|GraphID|L
g9|12 8 4 2 0 1
g9|13 11 7 3 1 0
g9|13 10 6 3 1 0
g9|12 9 5 2 0 1

#gn9CCCCSSC|GraphID|L
g9|12 8 4 2 0 1 3
g9|13 11 7 3 1 0 2
g9|13 10 6 3 1 0 2
g9|12 9 5 2 0 1 3

#gn9CCCCSSCC|GraphID|L
g9|12 8 4 2 0 1 3 6
g9|13 11 7 3 1 0 2 5
g9|13 11 7 3 1 0 2 4
g9|13 10 6 3 1 0 2 5
g9|13 10 6 3 1 0 2 4
g9|12 9 5 2 0 1 3 7
g9|12 9 5 2 0 1 3 6
g9|12 8 4 2 0 1 3 7

#gn9CCCCSSCCC|GraphID|L
g9|12 8 4 2 0 1 3 6 10
g9|13 11 7 3 1 0 2 5 9
g9|13 11 7 3 1 0 2 4 8
g9|13 10 6 3 1 0 2 5 9
g9|13 10 6 3 1 0 2 4 8
g9|12 9 5 2 0 1 3 7 11
g9|12 9 5 2 0 1 3 6 10
g9|12 8 4 2 0 1 3 7 11

#gn9CCCCSSCCCC|GraphID|L
g9|12 8 4 2 0 1 3 6 10 13
g9|13 11 7 3 1 0 2 5 9 12
g9|13 11 7 3 1 0 2 4 8 12
g9|13 10 6 3 1 0 2 5 9 12
g9|13 10 6 3 1 0 2 4 8 12
g9|12 9 5 2 0 1 3 7 11 13
g9|12 9 5 2 0 1 3 6 10 13
g9|12 8 4 2 0 1 3 7 11 13

#gn9CCCCSSCCCCC|GraphID|L
g9|12 8 4 2 0 1 3 6 10 13 11
g9|13 11 7 3 1 0 2 5 9 12 14
g9|13 11 7 3 1 0 2 5 9 12 8
g9|13 11 7 3 1 0 2 4 8 12 14
g9|13 11 7 3 1 0 2 4 8 12 9
g9|13 10 6 3 1 0 2 5 9 12 14
g9|13 10 6 3 1 0 2 5 9 12 8
g9|13 10 6 3 1 0 2 4 8 12 14
g9|13 10 6 3 1 0 2 4 8 12 9
g9|12 9 5 2 0 1 3 7 11 13 15
g9|12 9 5 2 0 1 3 7 11 13 10
g9|12 9 5 2 0 1 3 6 10 13 15
g9|12 9 5 2 0 1 3 6 10 13 11
g9|12 8 4 2 0 1 3 7 11 13 15
g9|12 8 4 2 0 1 3 7 11 13 10
g9|12 8 4 2 0 1 3 6 10 13 15

#gn9CCCCSSCCCH|GraphID|L
g9|12 8 4 2 0 1 3 6 10 28
g9|13 11 7 3 1 0 2 5 9 27
g9|13 11 7 3 1 0 2 4 8 26
g9|13 10 6 3 1 0 2 5 9 27
g9|13 10 6 3 1 0 2 4 8 26
g9|12 9 5 2 0 1 3 7 11 29
g9|12 9 5 2 0 1 3 6 10 28
g9|12 8 4 2 0 1 3 7 11 29

#gn9CCCCCCCCC|GraphID|L
g9|12 8 4 2 5 9 12 14 16
g9|17 15 13 11 7 3 6 10 13
g9|17 15 13 10 6 3 7 11 13
g9|16 14 12 9 5 2 4 8 12
g9|16 14 12 8 4 2 5 9 12
g9|13 11 7 3 6 10 13 15 17
g9|13 10 6 3 7 11 13 15 17
g9|12 9 5 2 4 8 12 14 16

#gn9CCCCCCCCCO|GraphID|L
g9|12 8 4 2 5 9 12 14 16 18
g9|13 11 7 3 6 10 13 15 17 21
g9|13 11 7 3 6 10 13 15 17 20
g9|13 10 6 3 7 11 13 15 17 21
g9|13 10 6 3 7 11 13 15 17 20
g9|12 9 5 2 4 8 12 14 16 19
g9|12 9 5 2 4 8 12 14 16 18
g9|12 8 4 2 5 9 12 14 16 19

#gn9CCCCCCCCCOH|GraphID|L
g9|12 8 4 2 5 9 12 14 16 19 34
g9|13 11 7 3 6 10 13 15 17 21 35
g9|13 10 6 3 7 11 13 15 17 21 35
g9|12 9 5 2 4 8 12 14 16 19 34

#gn9CCCCCCCCH|GraphID|L
g9|12 8 4 2 5 9 12 14 30
g9|17 15 13 11 7 3 6 10 28
g9|17 15 13 10 6 3 7 11 29
g9|16 14 12 9 5 2 4 8 26
g9|16 14 12 8 4 2 5 9 27
g9|13 11 7 3 6 10 13 15 33
g9|13 11 7 3 6 10 13 15 32
g9|13 10 6 3 7 11 13 15 33
g9|13 10 6 3 7 11 13 15 32
g9|12 9 5 2 4 8 12 14 31
g9|12 9 5 2 4 8 12 14 30
g9|12 8 4 2 5 9 12 14 31

#gn9CCCOH|GraphID|L
g9|12 14 16 19 34
g9|13 15 17 21 35

#gn9CCO|GraphID|L
g9|14 16 18
g9|15 17 21
g9|15 17 20
g9|14 16 19

#gn9CCOH|GraphID|L
g9|14 16 19 34
g9|15 17 21 35

#gn9CO|GraphID|L
g9|16 18
g9|17 21
g9|17 20
g9|16 19

#gn9O|GraphID|L
g9|18
g9|21
g9|20
g9|19

#gn9OC|GraphID|L
g9|18 16
g9|21 17
g9|20 17
g9|19 16

#gn9OCC|GraphID|L
g9|18 16 14
g9|21 17 15
g9|20 17 15
g9|19 16 14

#gn9OCCC|GraphID|L
g9|18 16 14 12
g9|21 17 15 13
g9|20 17 15 13
g9|19 16 14 12

#gn9OCCCC|GraphID|L
g9|18 16 14 12 8
g9|21 17 15 13 11
g9|21 17 15 13 10
g9|20 17 15 13 11
g9|20 17 15 13 10
g9|19 16 14 12 9
g9|19 16 14 12 8
g9|18 16 14 12 9

#gn9OCCCCC|GraphID|L
g9|18 16 14 12 8 4
g9|21 17 15 13 11 7
g9|21 17 15 13 10 6
g9|20 17 15 13 11 7
g9|20 17 15 13 10 6
g9|19 16 14 12 9 5
g9|19 16 14 12 8 4
g9|18 16 14 12 9 5

#gn9OCCCCCC|GraphID|L
g9|18 16 14 12 8 4 2
g9|21 17 15 13 11 7 3
g9|21 17 15 13 10 6 3
g9|20 17 15 13 11 7 3
g9|20 17 15 13 10 6 3
g9|19 16 14 12 9 5 2
g9|19 16 14 12 8 4 2
g9|18 16 14 12 9 5 2

#gn9OCCCCCCS|GraphID|L
g9|18 16 14 12 8 4 2 0
g9|21 17 15 13 11 7 3 1
g9|21 17 15 13 10 6 3 1
g9|20 17 15 13 11 7 3 1
g9|20 17 15 13 10 6 3 1
g9|19 16 14 12 9 5 2 0
g9|19 16 14 12 8 4 2 0
g9|18 16 14 12 9 5 2 0

#gn9OCCCCCCSS|GraphID|L
g9|18 16 14 12 8 4 2 0 1
g9|21 17 15 13 11 7 3 1 0
g9|21 17 15 13 10 6 3 1 0
g9|20 17 15 13 11 7 3 1 0
g9|20 17 15 13 10 6 3 1 0
g9|19 16 14 12 9 5 2 0 1
g9|19 16 14 12 8 4 2 0 1
g9|18 16 14 12 9 5 2 0 1

#gn9OCCCCCCSSC|GraphID|L
g9|18 16 14 12 8 4 2 0 1 3
g9|21 17 15 13 11 7 3 1 0 2
g9|21 17 15 13 10 6 3 1 0 2
g9|20 17 15 13 11 7 3 1 0 2
g9|20 17 15 13 10 6 3 1 0 2
g9|19 16 14 12 9 5 2 0 1 3
g9|19 16 14 12 8 4 2 0 1 3
g9|18 16 14 12 9 5 2 0 1 3

#gn9OCCCCCCSSCC|GraphID|L
g9|18 16 14 12 8 4 2 0 1 3 6
g9|21 17 15 13 11 7 3 1 0 2 5
g9|21 17 15 13 11 7 3 1 0 2 4
g9|21 17 15 13 10 6 3 1 0 2 5
g9|21 17 15 13 10 6 3 1 0 2 4
g9|20 17 15 13 11 7 3 1 0 2 5
g9|20 17 15 13 11 7 3 1 0 2 4
g9|20 17 15 13 10 6 3 1 0 2 5
g9|20 17 15 13 10 6 3 1 0 2 4
g9|19 16 14 12 9 5 2 0 1 3 7
g9|19 16 14 12 9 5 2 0 1 3 6
g9|19 16 14 12 8 4 2 0 1 3 7
g9|19 16 14 12 8 4 2 0 1 3 6
g9|18 16 14 12 9 5 2 0 1 3 7
g9|18 16 14 12 9 5 2 0 1 3 6
g9|18 16 14 12 8 4 2 0 1 3 7

#gn9OCCCCCCC|GraphID|L
g9|18 16 14 12 8 4 2 5
g9|21 17 15 13 11 7 3 6
g9|21 17 15 13 10 6 3 7
g9|20 17 15 13 11 7 3 6
g9|20 17 15 13 10 6 3 7
g9|19 16 14 12 9 5 2 4
g9|19 16 14 12 8 4 2 5
g9|18 16 14 12 9 5 2 4

#gn9OCCCCCCCC|GraphID|L
g9|18 16 14 12 8 4 2 5 9
g9|21 17 15 13 11 7 3 6 10
g9|21 17 15 13 10 6 3 7 11
g9|20 17 15 13 11 7 3 6 10
g9|20 17 15 13 10 6 3 7 11
g9|19 16 14 12 9 5 2 4 8
g9|19 16 14 12 8 4 2 5 9
g9|18 16 14 12 9 5 2 4 8

#gn9OCCCCCCCCC|GraphID|L
g9|18 16 14 12 8 4 2 5 9 12
g9|21 17 15 13 11 7 3 6 10 13
g9|21 17 15 13 10 6 3 7 11 13
g9|20 17 15 13 11 7 3 6 10 13
g9|20 17 15 13 10 6 3 7 11 13
g9|19 16 14 12 9 5 2 4 8 12
g9|19 16 14 12 8 4 2 5 9 12
g9|18 16 14 12 9 5 2 4 8 12

#gn9OCCCCCCCCH|GraphID|L
g9|18 16 14 12 8 4 2 5 9 27
g9|21 17 15 13 11 7 3 6 10 28
g9|21 17 15 13 10 6 3 7 11 29
g9|20 17 15 13 11 7 3 6 10 28
g9|20 17 15 13 10 6 3 7 11 29
g9|19 16 14 12 9 5 2 4 8 26
g9|19 16 14 12 8 4 2 5 9 27
g9|18 16 14 12 9 5 2 4 8 26

#gn9OCCCCCCCH|GraphID|L
g9|18 16 14 12 8 4 2 5 23
g9|21 17 15 13 11 7 3 6 24
g9|21 17 15 13 10 6 3 7 25
g9|20 17 15 13 11 7 3 6 24
g9|20 17 15 13 10 6 3 7 25
g9|19 16 14 12 9 5 2 4 22
g9|19 16 14 12 8 4 2 5 23
g9|18 16 14 12 9 5 2 4 22

#gn9OCCCCH|GraphID|L
g9|18 16 14 12 8 26
g9|21 17 15 13 11 29
g9|21 17 15 13 10 28
g9|20 17 15 13 11 29
g9|20 17 15 13 10 28
g9|19 16 14 12 9 27
g9|19 16 14 12 8 26
g9|18 16 14 12 9 27

#gn9OCCH|GraphID|L
g9|18 16 14 30
g9|21 17 15 33
g9|21 17 15 32
g9|20 17 15 33
g9|20 17 15 32
g9|19 16 14 31
g9|19 16 14 30
g9|18 16 14 31

#gn9HOCCCCCCCCC|GraphID|L
g9|34 19 16 14 12 8 4 2 5 9 12
g9|35 21 17 15 13 11 7 3 6 10 13
g9|35 21 17 15 13 10 6 3 7 11 13
g9|34 19 16 14 12 9 5 2 4 8 12

#gn9OCO|GraphID|L
g9|18 16 19
g9|21 17 20
g9|20 17 21
g9|19 16 18

#gn9HOC|GraphID|L
g9|34 19 16
g9|35 21 17

#gn9OCOH|GraphID|L
g9|18 16 19 34
g9|20 17 21 35

#gn9OH|GraphID|L
g9|19 34
g9|21 35

#gn9H|GraphID|L
g9|22
g9|35
g9|34
g9|33
g9|32
g9|31
g9|30
g9|29
g9|28
g9|27
g9|26
g9|25
g9|24
g9|23

#gn9HC|GraphID|L
g9|22 4
g9|33 15
g9|32 15
g9|31 14
g9|30 14
g9|29 11
g9|28 10
g9|27 9
g9|26 8
g9|25 7
g9|24 6
g9|23 5

#gn9HCC|GraphID|L
g9|22 4 2
g9|33 15 17
g9|33 15 13
g9|32 15 17
g9|32 15 13
g9|31 14 16
g9|31 14 12
g9|30 14 16
g9|30 14 12
g9|29 11 13
g9|29 11 7
g9|28 10 13
g9|28 10 6
g9|27 9 12
g9|27 9 5
g9|26 8 12
g9|26 8 4
g9|25 7 11
g9|25 7 3
g9|24 6 10
g9|24 6 3
g9|23 5 9
g9|23 5 2
g9|22 4 8

#gn9HCCS|GraphID|L
g9|22 4 2 0
g9|25 7 3 1
g9|24 6 3 1
g9|23 5 2 0

#gn9HCCSS|GraphID|L
g9|22 4 2 0 1
g9|25 7 3 1 0
g9|24 6 3 1 0
g9|23 5 2 0 1

#gn9HCCSSC|GraphID|L
g9|22 4 2 0 1 3
g9|25 7 3 1 0 2
g9|24 6 3 1 0 2
g9|23 5 2 0 1 3

#gn9HCCSSCC|GraphID|L
g9|22 4 2 0 1 3 6
g9|25 7 3 1 0 2 5
g9|25 7 3 1 0 2 4
g9|24 6 3 1 0 2 5
g9|24 6 3 1 0 2 4
g9|23 5 2 0 1 3 7
g9|23 5 2 0 1 3 6
g9|22 4 2 0 1 3 7

#gn9HCCSSCCC|GraphID|L
g9|22 4 2 0 1 3 6 10
g9|25 7 3 1 0 2 5 9
g9|25 7 3 1 0 2 4 8
g9|24 6 3 1 0 2 5 9
g9|24 6 3 1 0 2 4 8
g9|23 5 2 0 1 3 7 11
g9|23 5 2 0 1 3 6 10
g9|22 4 2 0 1 3 7 11

#gn9HCCSSCCCC|GraphID|L
g9|22 4 2 0 1 3 6 10 13
g9|25 7 3 1 0 2 5 9 12
g9|25 7 3 1 0 2 4 8 12
g9|24 6 3 1 0 2 5 9 12
g9|24 6 3 1 0 2 4 8 12
g9|23 5 2 0 1 3 7 11 13
g9|23 5 2 0 1 3 6 10 13
g9|22 4 2 0 1 3 7 11 13

#gn9HCCSSCCCCC|GraphID|L
g9|22 4 2 0 1 3 6 10 13 11
g9|25 7 3 1 0 2 5 9 12 14
g9|25 7 3 1 0 2 5 9 12 8
g9|25 7 3 1 0 2 4 8 12 14
g9|25 7 3 1 0 2 4 8 12 9
g9|24 6 3 1 0 2 5 9 12 14
g9|24 6 3 1 0 2 5 9 12 8
g9|24 6 3 1 0 2 4 8 12 14
g9|24 6 3 1 0 2 4 8 12 9
g9|23 5 2 0 1 3 7 11 13 15
g9|23 5 2 0 1 3 7 11 13 10
g9|23 5 2 0 1 3 6 10 13 15
g9|23 5 2 0 1 3 6 10 13 11
g9|22 4 2 0 1 3 7 11 13 15
g9|22 4 2 0 1 3 7 11 13 10
g9|22 4 2 0 1 3 6 10 13 15

#gn9HCCSSCCCCCC|GraphID|L
g9|22 4 2 0 1 3 6 10 13 11 7
g9|25 7 3 1 0 2 5 9 12 14 16
g9|25 7 3 1 0 2 5 9 12 8 4
g9|25 7 3 1 0 2 4 8 12 14 16
g9|25 7 3 1 0 2 4 8 12 9 5
g9|24 6 3 1 0 2 5 9 12 14 16
g9|24 6 3 1 0 2 5 9 12 8 4
g9|24 6 3 1 0 2 4 8 12 14 16
g9|24 6 3 1 0 2 4 8 12 9 5
g9|23 5 2 0 1 3 7 11 13 15 17
g9|23 5 2 0 1 3 7 11 13 10 6
g9|23 5 2 0 1 3 6 10 13 15 17
g9|23 5 2 0 1 3 6 10 13 11 7
g9|22 4 2 0 1 3 7 11 13 15 17
g9|22 4 2 0 1 3 7 11 13 10 6
g9|22 4 2 0 1 3 6 10 13 15 17

#gn9HCCSSCCCCCH|GraphID|L
g9|22 4 2 0 1 3 6 10 13 11 29
g9|25 7 3 1 0 2 5 9 12 14 31
g9|25 7 3 1 0 2 5 9 12 14 30
g9|25 7 3 1 0 2 5 9 12 8 26
g9|25 7 3 1 0 2 4 8 12 14 31
g9|25 7 3 1 0 2 4 8 12 14 30
g9|25 7 3 1 0 2 4 8 12 9 27
g9|24 6 3 1 0 2 5 9 12 14 31
g9|24 6 3 1 0 2 5 9 12 14 30
g9|24 6 3 1 0 2 5 9 12 8 26
g9|24 6 3 1 0 2 4 8 12 14 31
g9|24 6 3 1 0 2 4 8 12 14 30
g9|24 6 3 1 0 2 4 8 12 9 27
g9|23 5 2 0 1 3 7 11 13 15 33
g9|23 5 2 0 1 3 7 11 13 15 32
g9|23 5 2 0 1 3 7 11 13 10 28
g9|23 5 2 0 1 3 6 10 13 15 33
g9|23 5 2 0 1 3 6 10 13 15 32
g9|23 5 2 0 1 3 6 10 13 11 29
g9|22 4 2 0 1 3 7 11 13 15 33
g9|22 4 2 0 1 3 7 11 13 15 32
g9|22 4 2 0 1 3 7 11 13 10 28
g9|22 4 2 0 1 3 6 10 13 15 33
g9|22 4 2 0 1 3 6 10 13 15 32

#gn9HCCSSCCCH|GraphID|L
g9|22 4 2 0 1 3 6 10 28
g9|25 7 3 1 0 2 5 9 27
g9|25 7 3 1 0 2 4 8 26
g9|24 6 3 1 0 2 5 9 27
g9|24 6 3 1 0 2 4 8 26
g9|23 5 2 0 1 3 7 11 29
g9|23 5 2 0 1 3 6 10 28
g9|22 4 2 0 1 3 7 11 29

#gn9HCCSSCCH|GraphID|L
g9|22 4 2 0 1 3 6 24
g9|25 7 3 1 0 2 5 23
g9|25 7 3 1 0 2 4 22
g9|24 6 3 1 0 2 5 23
g9|24 6 3 1 0 2 4 22
g9|23 5 2 0 1 3 7 25
g9|23 5 2 0 1 3 6 24
g9|22 4 2 0 1 3 7 25

#gn9HCCC|GraphID|L
g9|22 4 2 5
g9|33 15 13 11
g9|33 15 13 10
g9|32 15 13 11
g9|32 15 13 10
g9|31 14 12 9
g9|31 14 12 8
g9|30 14 12 9
g9|30 14 12 8
g9|29 11 13 15
g9|29 11 13 10
g9|29 11 7 3
g9|28 10 13 15
g9|28 10 13 11
g9|28 10 6 3
g9|27 9 12 14
g9|27 9 12 8
g9|27 9 5 2
g9|26 8 12 14
g9|26 8 12 9
g9|26 8 4 2
g9|25 7 11 13
g9|25 7 3 6
g9|24 6 10 13
g9|24 6 3 7
g9|23 5 9 12
g9|23 5 2 4
g9|22 4 8 12

#gn9HCCCC|GraphID|L
g9|22 4 2 5 9
g9|33 15 13 11 7
g9|33 15 13 10 6
g9|32 15 13 11 7
g9|32 15 13 10 6
g9|31 14 12 9 5
g9|31 14 12 8 4
g9|30 14 12 9 5
g9|30 14 12 8 4
g9|29 11 13 15 17
g9|29 11 13 10 6
g9|29 11 7 3 6
g9|28 10 13 15 17
g9|28 10 13 11 7
g9|28 10 6 3 7
g9|27 9 12 14 16
g9|27 9 12 8 4
g9|27 9 5 2 4
g9|26 8 12 14 16
g9|26 8 12 9 5
g9|26 8 4 2 5
g9|25 7 11 13 15
g9|25 7 11 13 10
g9|25 7 3 6 10
g9|24 6 10 13 15
g9|24 6 10 13 11
g9|24 6 3 7 11
g9|23 5 9 12 14
g9|23 5 9 12 8
g9|23 5 2 4 8
g9|22 4 8 12 14
g9|22 4 8 12 9

#gn9HCCCCCCH|GraphID|L
g9|22 4 2 5 9 12 8 26
g9|33 15 13 11 7 3 6 24
g9|33 15 13 10 6 3 7 25
g9|32 15 13 11 7 3 6 24
g9|32 15 13 10 6 3 7 25
g9|31 14 12 9 5 2 4 22
g9|31 14 12 8 4 2 5 23
g9|30 14 12 9 5 2 4 22
g9|30 14 12 8 4 2 5 23
g9|29 11 13 10 6 3 7 25
g9|28 10 13 11 7 3 6 24
g9|27 9 12 8 4 2 5 23
g9|26 8 12 9 5 2 4 22
g9|25 7 3 6 10 13 15 33
g9|25 7 3 6 10 13 15 32
g9|25 7 3 6 10 13 11 29
g9|24 6 3 7 11 13 15 33
g9|24 6 3 7 11 13 15 32
g9|24 6 3 7 11 13 10 28
g9|23 5 2 4 8 12 14 31
g9|23 5 2 4 8 12 14 30
g9|23 5 2 4 8 12 9 27
g9|22 4 2 5 9 12 14 31
g9|22 4 2 5 9 12 14 30

#gn9HCCCCCCCO|GraphID|L
g9|22 4 2 5 9 12 14 16 18
g9|25 7 3 6 10 13 15 17 21
g9|25 7 3 6 10 13 15 17 20
g9|24 6 3 7 11 13 15 17 21
g9|24 6 3 7 11 13 15 17 20
g9|23 5 2 4 8 12 14 16 19
g9|23 5 2 4 8 12 14 16 18
g9|22 4 2 5 9 12 14 16 19

#gn9HCCCCCCCOH|GraphID|L
g9|22 4 2 5 9 12 14 16 19 34
g9|25 7 3 6 10 13 15 17 21 35
g9|24 6 3 7 11 13 15 17 21 35
g9|23 5 2 4 8 12 14 16 19 34

#gn9HCCCCH|GraphID|L
g9|22 4 2 5 9 27
g9|33 15 13 11 7 25
g9|33 15 13 10 6 24
g9|32 15 13 11 7 25
g9|32 15 13 10 6 24
g9|31 14 12 9 5 23
g9|31 14 12 8 4 22
g9|30 14 12 9 5 23
g9|30 14 12 8 4 22
g9|29 11 13 10 6 24
g9|29 11 7 3 6 24
g9|28 10 13 11 7 25
g9|28 10 6 3 7 25
g9|27 9 12 8 4 22
g9|27 9 5 2 4 22
g9|26 8 12 9 5 23
g9|26 8 4 2 5 23
g9|25 7 11 13 15 33
g9|25 7 11 13 15 32
g9|25 7 11 13 10 28
g9|25 7 3 6 10 28
g9|24 6 10 13 15 33
g9|24 6 10 13 15 32
g9|24 6 10 13 11 29
g9|24 6 3 7 11 29
g9|23 5 9 12 14 31
g9|23 5 9 12 14 30
g9|23 5 9 12 8 26
g9|23 5 2 4 8 26
g9|22 4 8 12 14 31
g9|22 4 8 12 14 30
g9|22 4 8 12 9 27

#gn9HCCCH|GraphID|L
g9|22 4 2 5 23
g9|33 15 13 11 29
g9|33 15 13 10 28
g9|32 15 13 11 29
g9|32 15 13 10 28
g9|31 14 12 9 27
g9|31 14 12 8 26
g9|30 14 12 9 27
g9|30 14 12 8 26
g9|29 11 13 15 33
g9|29 11 13 15 32
g9|29 11 13 10 28
g9|28 10 13 15 33
g9|28 10 13 15 32
g9|28 10 13 11 29
g9|27 9 12 14 31
g9|27 9 12 14 30
g9|27 9 12 8 26
g9|26 8 12 14 31
g9|26 8 12 14 30
g9|26 8 12 9 27
g9|25 7 3 6 24
g9|24 6 3 7 25
g9|23 5 2 4 22

#gn9HCCCCCCS|GraphID|L
g9|22 4 8 12 9 5 2 0
g9|25 7 11 13 10 6 3 1
g9|24 6 10 13 11 7 3 1
g9|23 5 9 12 8 4 2 0

#gn9HCCCCCCSS|GraphID|L
g9|22 4 8 12 9 5 2 0 1
g9|25 7 11 13 10 6 3 1 0
g9|24 6 10 13 11 7 3 1 0
g9|23 5 9 12 8 4 2 0 1

#gn9HCCCCCCSSCC|GraphID|L
g9|22 4 8 12 9 5 2 0 1 3 6
g9|25 7 11 13 10 6 3 1 0 2 5
g9|25 7 11 13 10 6 3 1 0 2 4
g9|24 6 10 13 11 7 3 1 0 2 5
g9|24 6 10 13 11 7 3 1 0 2 4
g9|23 5 9 12 8 4 2 0 1 3 7
g9|23 5 9 12 8 4 2 0 1 3 6
g9|22 4 8 12 9 5 2 0 1 3 7

#gn9HCCCCCH|GraphID|L
g9|22 4 8 12 9 5 23
g9|29 11 7 3 6 10 28
g9|28 10 6 3 7 11 29
g9|27 9 5 2 4 8 26
g9|26 8 4 2 5 9 27
g9|25 7 11 13 10 6 24
g9|24 6 10 13 11 7 25
g9|23 5 9 12 8 4 22

#gn9HCCCCCO|GraphID|L
g9|22 4 8 12 14 16 18
g9|25 7 11 13 15 17 21
g9|25 7 11 13 15 17 20
g9|24 6 10 13 15 17 21
g9|24 6 10 13 15 17 20
g9|23 5 9 12 14 16 19
g9|23 5 9 12 14 16 18
g9|22 4 8 12 14 16 19

#gn9HCCCCCOH|GraphID|L
g9|22 4 8 12 14 16 19 34
g9|25 7 11 13 15 17 21 35
g9|24 6 10 13 15 17 21 35
g9|23 5 9 12 14 16 19 34

#gn9HCCH|GraphID|L
g9|22 4 8 26
g9|29 11 7 25
g9|28 10 6 24
g9|27 9 5 23
g9|26 8 4 22
g9|25 7 11 29
g9|24 6 10 28
g9|23 5 9 27

#gn9HOCCCC|GraphID|L
g9|34 19 16 14 12 8
g9|35 21 17 15 13 11
g9|35 21 17 15 13 10
g9|34 19 16 14 12 9

#gn9HCCCS|GraphID|L
g9|26 8 4 2 0
g9|29 11 7 3 1
g9|28 10 6 3 1
g9|27 9 5 2 0

#gn9HCCCSS|GraphID|L
g9|26 8 4 2 0 1
g9|29 11 7 3 1 0
g9|28 10 6 3 1 0
g9|27 9 5 2 0 1

#gn9HCCCSSC|GraphID|L
g9|26 8 4 2 0 1 3
g9|29 11 7 3 1 0 2
g9|28 10 6 3 1 0 2
g9|27 9 5 2 0 1 3

#gn9HCCCSSCC|GraphID|L
g9|26 8 4 2 0 1 3 6
g9|29 11 7 3 1 0 2 5
g9|29 11 7 3 1 0 2 4
g9|28 10 6 3 1 0 2 5
g9|28 10 6 3 1 0 2 4
g9|27 9 5 2 0 1 3 7
g9|27 9 5 2 0 1 3 6
g9|26 8 4 2 0 1 3 7

#gn9HCCCSSCCC|GraphID|L
g9|26 8 4 2 0 1 3 6 10
g9|29 11 7 3 1 0 2 5 9
g9|29 11 7 3 1 0 2 4 8
g9|28 10 6 3 1 0 2 5 9
g9|28 10 6 3 1 0 2 4 8
g9|27 9 5 2 0 1 3 7 11
g9|27 9 5 2 0 1 3 6 10
g9|26 8 4 2 0 1 3 7 11

#gn9HCCCSSCCCC|GraphID|L
g9|26 8 4 2 0 1 3 6 10 13
g9|29 11 7 3 1 0 2 5 9 12
g9|29 11 7 3 1 0 2 4 8 12
g9|28 10 6 3 1 0 2 5 9 12
g9|28 10 6 3 1 0 2 4 8 12
g9|27 9 5 2 0 1 3 7 11 13
g9|27 9 5 2 0 1 3 6 10 13
g9|26 8 4 2 0 1 3 7 11 13

#gn9HCCCSSCCCCC|GraphID|L
g9|26 8 4 2 0 1 3 6 10 13 11
g9|29 11 7 3 1 0 2 5 9 12 14
g9|29 11 7 3 1 0 2 5 9 12 8
g9|29 11 7 3 1 0 2 4 8 12 14
g9|29 11 7 3 1 0 2 4 8 12 9
g9|28 10 6 3 1 0 2 5 9 12 14
g9|28 10 6 3 1 0 2 5 9 12 8
g9|28 10 6 3 1 0 2 4 8 12 14
g9|28 10 6 3 1 0 2 4 8 12 9
g9|27 9 5 2 0 1 3 7 11 13 15
g9|27 9 5 2 0 1 3 7 11 13 10
g9|27 9 5 2 0 1 3 6 10 13 15
g9|27 9 5 2 0 1 3 6 10 13 11
g9|26 8 4 2 0 1 3 7 11 13 15
g9|26 8 4 2 0 1 3 7 11 13 10
g9|26 8 4 2 0 1 3 6 10 13 15

#gn9HCCCSSCCCH|GraphID|L
g9|26 8 4 2 0 1 3 6 10 28
g9|29 11 7 3 1 0 2 5 9 27
g9|29 11 7 3 1 0 2 4 8 26
g9|28 10 6 3 1 0 2 5 9 27
g9|28 10 6 3 1 0 2 4 8 26
g9|27 9 5 2 0 1 3 7 11 29
g9|27 9 5 2 0 1 3 6 10 28
g9|26 8 4 2 0 1 3 7 11 29

#gn9HCCCSSCCH|GraphID|L
g9|26 8 4 2 0 1 3 6 24
g9|29 11 7 3 1 0 2 5 23
g9|29 11 7 3 1 0 2 4 22
g9|28 10 6 3 1 0 2 5 23
g9|28 10 6 3 1 0 2 4 22
g9|27 9 5 2 0 1 3 7 25
g9|27 9 5 2 0 1 3 6 24
g9|26 8 4 2 0 1 3 7 25

#gn9HCCCCCS|GraphID|L
g9|26 8 12 9 5 2 0
g9|33 15 13 11 7 3 1
g9|33 15 13 10 6 3 1
g9|32 15 13 11 7 3 1
g9|32 15 13 10 6 3 1
g9|31 14 12 9 5 2 0
g9|31 14 12 8 4 2 0
g9|30 14 12 9 5 2 0
g9|30 14 12 8 4 2 0
g9|29 11 13 10 6 3 1
g9|28 10 13 11 7 3 1
g9|27 9 12 8 4 2 0

#gn9HCCCCCSS|GraphID|L
g9|26 8 12 9 5 2 0 1
g9|33 15 13 11 7 3 1 0
g9|33 15 13 10 6 3 1 0
g9|32 15 13 11 7 3 1 0
g9|32 15 13 10 6 3 1 0
g9|31 14 12 9 5 2 0 1
g9|31 14 12 8 4 2 0 1
g9|30 14 12 9 5 2 0 1
g9|30 14 12 8 4 2 0 1
g9|29 11 13 10 6 3 1 0
g9|28 10 13 11 7 3 1 0
g9|27 9 12 8 4 2 0 1

#gn9HCCCCCSSC|GraphID|L
g9|26 8 12 9 5 2 0 1 3
g9|33 15 13 11 7 3 1 0 2
g9|33 15 13 10 6 3 1 0 2
g9|32 15 13 11 7 3 1 0 2
g9|32 15 13 10 6 3 1 0 2
g9|31 14 12 9 5 2 0 1 3
g9|31 14 12 8 4 2 0 1 3
g9|30 14 12 9 5 2 0 1 3
g9|30 14 12 8 4 2 0 1 3
g9|29 11 13 10 6 3 1 0 2
g9|28 10 13 11 7 3 1 0 2
g9|27 9 12 8 4 2 0 1 3

#gn9HCCCCCSSCC|GraphID|L
g9|26 8 12 9 5 2 0 1 3 6
g9|33 15 13 11 7 3 1 0 2 5
g9|33 15 13 11 7 3 1 0 2 4
g9|33 15 13 10 6 3 1 0 2 5
g9|33 15 13 10 6 3 1 0 2 4
g9|32 15 13 11 7 3 1 0 2 5
g9|32 15 13 11 7 3 1 0 2 4
g9|32 15 13 10 6 3 1 0 2 5
g9|32 15 13 10 6 3 1 0 2 4
g9|31 14 12 9 5 2 0 1 3 7
g9|31 14 12 9 5 2 0 1 3 6
g9|31 14 12 8 4 2 0 1 3 7
g9|31 14 12 8 4 2 0 1 3 6
g9|30 14 12 9 5 2 0 1 3 7
g9|30 14 12 9 5 2 0 1 3 6
g9|30 14 12 8 4 2 0 1 3 7
g9|30 14 12 8 4 2 0 1 3 6
g9|29 11 13 10 6 3 1 0 2 5
g9|29 11 13 10 6 3 1 0 2 4
g9|28 10 13 11 7 3 1 0 2 5
g9|28 10 13 11 7 3 1 0 2 4
g9|27 9 12 8 4 2 0 1 3 7
g9|27 9 12 8 4 2 0 1 3 6
g9|26 8 12 9 5 2 0 1 3 7

#gn9HCCCCCSSCCC|GraphID|L
g9|26 8 12 9 5 2 0 1 3 6 10
g9|33 15 13 11 7 3 1 0 2 5 9
g9|33 15 13 11 7 3 1 0 2 4 8
g9|33 15 13 10 6 3 1 0 2 5 9
g9|33 15 13 10 6 3 1 0 2 4 8
g9|32 15 13 11 7 3 1 0 2 5 9
g9|32 15 13 11 7 3 1 0 2 4 8
g9|32 15 13 10 6 3 1 0 2 5 9
g9|32 15 13 10 6 3 1 0 2 4 8
g9|31 14 12 9 5 2 0 1 3 7 11
g9|31 14 12 9 5 2 0 1 3 6 10
g9|31 14 12 8 4 2 0 1 3 7 11
g9|31 14 12 8 4 2 0 1 3 6 10
g9|30 14 12 9 5 2 0 1 3 7 11
g9|30 14 12 9 5 2 0 1 3 6 10
g9|30 14 12 8 4 2 0 1 3 7 11
g9|30 14 12 8 4 2 0 1 3 6 10
g9|29 11 13 10 6 3 1 0 2 5 9
g9|29 11 13 10 6 3 1 0 2 4 8
g9|28 10 13 11 7 3 1 0 2 5 9
g9|28 10 13 11 7 3 1 0 2 4 8
g9|27 9 12 8 4 2 0 1 3 7 11
g9|27 9 12 8 4 2 0 1 3 6 10
g9|26 8 12 9 5 2 0 1 3 7 11

#gn9HCCCCCSSCCH|GraphID|L
g9|26 8 12 9 5 2 0 1 3 6 24
g9|33 15 13 11 7 3 1 0 2 5 23
g9|33 15 13 11 7 3 1 0 2 4 22
g9|33 15 13 10 6 3 1 0 2 5 23
g9|33 15 13 10 6 3 1 0 2 4 22
g9|32 15 13 11 7 3 1 0 2 5 23
g9|32 15 13 11 7 3 1 0 2 4 22
g9|32 15 13 10 6 3 1 0 2 5 23
g9|32 15 13 10 6 3 1 0 2 4 22
g9|31 14 12 9 5 2 0 1 3 7 25
g9|31 14 12 9 5 2 0 1 3 6 24
g9|31 14 12 8 4 2 0 1 3 7 25
g9|31 14 12 8 4 2 0 1 3 6 24
g9|30 14 12 9 5 2 0 1 3 7 25
g9|30 14 12 9 5 2 0 1 3 6 24
g9|30 14 12 8 4 2 0 1 3 7 25
g9|30 14 12 8 4 2 0 1 3 6 24
g9|29 11 13 10 6 3 1 0 2 5 23
g9|29 11 13 10 6 3 1 0 2 4 22
g9|28 10 13 11 7 3 1 0 2 5 23
g9|28 10 13 11 7 3 1 0 2 4 22
g9|27 9 12 8 4 2 0 1 3 7 25
g9|27 9 12 8 4 2 0 1 3 6 24
g9|26 8 12 9 5 2 0 1 3 7 25

#gn9HOCCCCCCSS|GraphID|L
g9|34 19 16 14 12 8 4 2 0 1
g9|35 21 17 15 13 11 7 3 1 0
g9|35 21 17 15 13 10 6 3 1 0
g9|34 19 16 14 12 9 5 2 0 1

#gn9HCCCCO|GraphID|L
g9|26 8 12 14 16 18
g9|29 11 13 15 17 21
g9|29 11 13 15 17 20
g9|28 10 13 15 17 21
g9|28 10 13 15 17 20
g9|27 9 12 14 16 19
g9|27 9 12 14 16 18
g9|26 8 12 14 16 19

#gn9HOCCCCCCCH|GraphID|L
g9|34 19 16 14 12 8 4 2 5 23
g9|35 21 17 15 13 11 7 3 6 24
g9|35 21 17 15 13 10 6 3 7 25
g9|34 19 16 14 12 9 5 2 4 22

#gn9HCCCCOH|GraphID|L
g9|26 8 12 14 16 19 34
g9|29 11 13 15 17 21 35
g9|28 10 13 15 17 21 35
g9|27 9 12 14 16 19 34

#gn9HCCO|GraphID|L
g9|30 14 16 18
g9|33 15 17 21
g9|33 15 17 20
g9|32 15 17 21
g9|32 15 17 20
g9|31 14 16 19
g9|31 14 16 18
g9|30 14 16 19

#gn9HCCOH|GraphID|L
g9|30 14 16 19 34
g9|33 15 17 21 35
g9|32 15 17 21 35
g9|31 14 16 19 34

#gn9HO|GraphID|L
g9|34 19
g9|35 21

#gn9HOCC|GraphID|L
g9|34 19 16 14
g9|35 21 17 15

#gn9HOCCC|GraphID|L
g9|34 19 16 14 12
g9|35 21 17 15 13

#gn9HOCCCCC|GraphID|L
g9|34 19 16 14 12 8 4
g9|35 21 17 15 13 11 7
g9|35 21 17 15 13 10 6
g9|34 19 16 14 12 9 5

#gn9HOCCCCCC|GraphID|L
g9|34 19 16 14 12 8 4 2
g9|35 21 17 15 13 11 7 3
g9|35 21 17 15 13 10 6 3
g9|34 19 16 14 12 9 5 2

#gn9HOCCCCCCS|GraphID|L
g9|34 19 16 14 12 8 4 2 0
g9|35 21 17 15 13 11 7 3 1
g9|35 21 17 15 13 10 6 3 1
g9|34 19 16 14 12 9 5 2 0

#gn9HOCCCCCCSSC|GraphID|L
g9|34 19 16 14 12 8 4 2 0 1 3
g9|35 21 17 15 13 11 7 3 1 0 2
g9|35 21 17 15 13 10 6 3 1 0 2
g9|34 19 16 14 12 9 5 2 0 1 3

#gn9HOCCCCCCC|GraphID|L
g9|34 19 16 14 12 8 4 2 5
g9|35 21 17 15 13 11 7 3 6
g9|35 21 17 15 13 10 6 3 7
g9|34 19 16 14 12 9 5 2 4

#gn9HOCCCCCCCC|GraphID|L
g9|34 19 16 14 12 8 4 2 5 9
g9|35 21 17 15 13 11 7 3 6 10
g9|35 21 17 15 13 10 6 3 7 11
g9|34 19 16 14 12 9 5 2 4 8

#gn9HOCCCCCCCCH|GraphID|L
g9|34 19 16 14 12 8 4 2 5 9 27
g9|35 21 17 15 13 11 7 3 6 10 28
g9|35 21 17 15 13 10 6 3 7 11 29
g9|34 19 16 14 12 9 5 2 4 8 26

#gn9HOCCCCCH|GraphID|L
g9|34 19 16 14 12 8 4 22
g9|35 21 17 15 13 11 7 25
g9|35 21 17 15 13 10 6 24
g9|34 19 16 14 12 9 5 23

#gn9HOCCCCH|GraphID|L
g9|34 19 16 14 12 8 26
g9|35 21 17 15 13 11 29
g9|35 21 17 15 13 10 28
g9|34 19 16 14 12 9 27

#gn9HOCCH|GraphID|L
g9|34 19 16 14 30
g9|35 21 17 15 33
g9|35 21 17 15 32
g9|34 19 16 14 31

#gn9HOCO|GraphID|L
g9|34 19 16 18
g9|35 21 17 20